Time,X,Y,Z,Gas1L,Gas1R
0,0.0000025786,0.0000000593,-0.0000015294,18636,18480
10,0.0000077203,0.0000013822,0.0262500755,18636,18480
20,0.0000107946,0.0000025388,0.0209913924,18636,18480
30,0.0000151324,0.0000071203,0.0209784657,18636,18480
40,0.0000176846,0.0000073306,0.0209623594,18636,18480
50,0.0000209343,0.0000097717,0.0209418815,18636,18480
60,0.0000228749,0.0000110825,0.0204332247,18636,18480
70,0.0000258756,0.0000119679,0.0204007234,18636,18480
80,0.0000264770,0.0000116279,0.0203648880,18636,18480
90,0.0000285323,0.0000113171,0.0203253143,18636,18480
100,0.0000311362,0.0000099262,0.0202814825,18636,18480
110,0.0000345101,0.0000101534,0.0201206170,18636,18480
120,0.0000376257,0.0000104814,0.0200654808,18636,18480
130,0.0000380696,0.0000104126,0.0200076271,18636,18480
140,0.0000399018,0.0000085758,0.0199457612,18636,18480
150,0.0000403111,0.0000066440,0.0206455495,18636,18480
160,0.0000428622,0.0000044480,0.0206110943,18636,18480
170,0.0000449506,0.0000031066,0.0205734354,18636,18493
180,0.0000486800,0.0000023006,0.0205334183,18636,18493
190,0.0000525127,0.0000047645,0.0199035481,18636,18493
200,0.0000560154,0.0000039630,0.0198240373,18636,18493
210,0.0000572359,0.0000027584,0.0197406132,18636,18493
220,0.0000596585,-0.0000004698,0.0196537506,18636,18493
230,0.0000603121,0.0000009072,0.0195637457,18636,18493
240,0.0000608001,-0.0000002653,0.0196580067,18636,18493
250,0.0000611209,-0.0000007291,0.0195709225,18636,18493
260,0.0000648931,-0.0000023920,0.0194792431,18636,18493
270,0.0000665790,-0.0000020122,0.0193827525,18636,18493
280,0.0000688824,-0.0000051033,0.0199722704,18636,18493
290,0.0000702379,-0.0000071108,0.0199089106,18636,18493
300,0.0000748462,-0.0000074208,0.0198423509,18636,18493
310,0.0000778523,-0.0000082170,0.0197724234,18636,18493
320,0.0000798212,-0.0000088954,0.0197938271,18636,18493
330,0.0000804361,-0.0000094222,0.0197201874,18636,18493
340,0.0000835201,-0.0000102112,0.0196417291,18636,18493
350,0.0000855085,-0.0000107415,0.0195589866,18636,18493
360,0.0000868461,-0.0000091043,0.0194714218,18636,18493
370,0.0000899006,-0.0000120266,0.0196126755,18636,18493
380,0.0000929669,-0.0000134529,0.0195285399,18636,18493
390,0.0000954603,-0.0000136299,0.0194414370,18636,18493
400,0.0000999509,-0.0000157384,0.0193508808,18636,18493
410,0.0001013534,-0.0000195749,0.0199553557,18636,18493
420,0.0001042769,-0.0000207871,0.0198977273,18632,18493
430,0.0001071033,-0.0000209019,0.0198381040,18632,18493
440,0.0001099593,-0.0000210199,0.0197764393,18632,18493
450,0.0001104003,-0.0000237035,0.0202137139,18632,18493
460,0.0001127217,-0.0000245551,0.0201708898,18632,18493
470,0.0001141613,-0.0000287297,0.0201237127,18632,18493
480,0.0001155216,-0.0000310788,0.0200743657,18632,18493
490,0.0001193847,-0.0000306710,0.0200232118,18632,18493
500,0.0001217315,-0.0000352623,0.0203919914,18632,18493
510,0.0001265645,-0.0000371090,0.0203604624,18632,18493
520,0.0001288728,-0.0000397885,0.0203271899,18632,18493
530,0.0001314523,-0.0000410665,0.0202895477,18632,18493
540,0.0001345085,-0.0000423236,0.0201260932,18632,18493
550,0.0001363938,-0.0000438378,0.0200711340,18632,18493
560,0.0001399838,-0.0000438012,0.0200115200,18632,18493
570,0.0001425621,-0.0000450540,0.0199488141,18632,18493
580,0.0001472870,-0.0000412218,0.0194983855,18632,18493
590,0.0001498269,-0.0000405916,0.0194075070,18632,18493
600,0.0001535326,-0.0000380001,0.0193125997,18632,18493
610,0.0001542574,-0.0000381119,0.0192152057,18632,18493
620,0.0001576938,-0.0000386472,0.0191141851,18632,18493
630,0.0001594986,-0.0000412393,0.0198179241,18632,18493
640,0.0001633676,-0.0000426877,0.0197525695,18632,18493
650,0.0001642055,-0.0000438593,0.0196827538,18632,18493
660,0.0001653141,-0.0000471973,0.0196080860,18632,18493
670,0.0001661009,-0.0000492543,0.0196913034,18632,18498
680,0.0001677625,-0.0000479508,0.0196179431,18632,18498
690,0.0001677076,-0.0000493410,0.0195417255,18632,18498
700,0.0001713477,-0.0000471244,0.0194630120,18632,18498
710,0.0001725991,-0.0000487695,0.0200451650,18632,18498
720,0.0001737714,-0.0000490786,0.0199985988,18632,18498
730,0.0001783749,-0.0000488931,0.0199495032,18632,18498
740,0.0001798709,-0.0000486267,0.0198979788,18632,18498
750,0.0001810994,-0.0000480004,0.0198433660,18632,18498
760,0.0001841444,-0.0000462012,0.0194350723,18632,18498
770,0.0001872192,-0.0000478753,0.0193561725,18632,18498
780,0.0001904941,-0.0000497379,0.0192752481,18632,18498
790,0.0001928677,-0.0000485789,0.0191911962,18632,18498
800,0.0001955022,-0.0000475435,0.0190248769,18632,18498
810,0.0002008267,-0.0000478334,0.0189267918,18632,18498
820,0.0002029466,-0.0000478704,0.0188236348,18632,18498
830,0.0002064989,-0.0000478502,0.0187150706,18632,18498
840,0.0002077694,-0.0000536239,0.0195755586,18632,18498
850,0.0002091094,-0.0000529841,0.0195131693,18632,18498
860,0.0002135255,-0.0000522354,0.0194483157,18632,18498
870,0.0002159202,-0.0000533157,0.0193811692,18632,18498
880,0.0002184252,-0.0000535286,0.0193102099,18632,18498
890,0.0002183086,-0.0000642712,0.0211777668,18632,18498
900,0.0002196670,-0.0000639434,0.0212065484,18632,18498
910,0.0002224390,-0.0000632950,0.0212323703,18632,18498
920,0.0002251789,-0.0000649722,0.0212534685,18632,18498
930,0.0002258208,-0.0000621620,0.0207604412,18641,18498
940,0.0002288860,-0.0000625731,0.0207435451,18641,18498
950,0.0002313168,-0.0000641611,0.0207226723,18641,18498
960,0.0002352444,-0.0000628481,0.0206977483,18641,18498
970,0.0002406553,-0.0000579027,0.0191740580,18641,18498
980,0.0002431378,-0.0000580817,0.0190541092,18641,18498
990,0.0002463051,-0.0000581623,0.0189298764,18641,18498
1000,0.0002515565,-0.0000587525,0.0188025981,18641,18498
1010,0.0002549982,-0.0000580613,0.0186736044,18641,18498
1020,0.0002572552,-0.0000588547,0.0186780822,18641,18498
1030,0.0002600966,-0.0000583932,0.0185513962,18641,18498
1040,0.0002591448,-0.0000580641,0.0184205770,18641,18498
1050,0.0002618149,-0.0000588544,0.0182849392,18641,18498
1060,0.0002631077,-0.0000645060,0.0188420378,18641,18498
1070,0.0002665313,-0.0000642802,0.0187369734,18641,18498
1080,0.0002676492,-0.0000636074,0.0186296329,18641,18498
1090,0.0002707448,-0.0000634790,0.0185196847,18641,18498
1100,0.0002737966,-0.0000659896,0.0184074361,18641,18498
1110,0.0002769935,-0.0000646361,0.0181161091,18641,18498
1120,0.0002806731,-0.0000644110,0.0179864801,18641,18498
1130,0.0002852569,-0.0000642042,0.0178533252,18641,18498
1140,0.0002895816,-0.0000651139,0.0177165568,18641,18498
1150,0.0002922810,-0.0000696445,0.0185234807,18641,18498
1160,0.0002967257,-0.0000697605,0.0184296835,18641,18498
1170,0.0002980804,-0.0000721264,0.0183328222,18641,18500
1180,0.0003021035,-0.0000704704,0.0182329174,18641,18500
1190,0.0003068795,-0.0000695732,0.0180764329,18641,18500
1200,0.0003109237,-0.0000701019,0.0179679226,18641,18500
1210,0.0003152873,-0.0000670564,0.0178567916,18641,18500
1220,0.0003185352,-0.0000676034,0.0177439526,18641,18500
1230,0.0003227531,-0.0000670436,0.0176298860,18641,18500
1240,0.0003251794,-0.0000758075,0.0189184546,18641,18500
1250,0.0003285806,-0.0000772740,0.0188750885,18641,18500
1260,0.0003302609,-0.0000767186,0.0188291911,18641,18500
1270,0.0003352625,-0.0000749915,0.0187804122,18641,18500
1280,0.0003388828,-0.0000782947,0.0196316633,18641,18500
1290,0.0003411564,-0.0000773784,0.0196265839,18641,18500
1300,0.0003435886,-0.0000753366,0.0196190886,18641,18500
1310,0.0003474875,-0.0000753389,0.0196090434,18641,18500
1320,0.0003475079,-0.0000836617,0.0209831130,18641,18500
1330,0.0003481178,-0.0000847081,0.0210482590,18641,18500
1340,0.0003498847,-0.0000847527,0.0211108737,18641,18500
1350,0.0003523910,-0.0000822389,0.0211707521,18641,18500
1360,0.0003577060,-0.0000842948,0.0212290455,18641,18500
1370,0.0003603562,-0.0000861049,0.0211905204,18641,18500
1380,0.0003621010,-0.0000882554,0.0212394949,18641,18500
1390,0.0003653230,-0.0000889288,0.0212866347,18641,18500
1400,0.0003678323,-0.0000902225,0.0213314034,18641,18500
1410,0.0003734913,-0.0000829489,0.0200207345,18641,18500
1420,0.0003760536,-0.0000846489,0.0199842006,18649,18500
1430,0.0003799007,-0.0000855333,0.0199435819,18649,18500
1440,0.0003836718,-0.0000878399,0.0198987927,18649,18500
1450,0.0003873065,-0.0000895760,0.0199109614,18649,18500
1460,0.0003895919,-0.0000894540,0.0198629983,18649,18500
1470,0.0003918743,-0.0000897144,0.0198119525,18649,18500
1480,0.0003951385,-0.0000895987,0.0197575372,18649,18500
1490,0.0003989652,-0.0000877104,0.0197003502,18649,18500
1500,0.0003997991,-0.0000884593,0.0197644476,18649,18500
1510,0.0004030918,-0.0000890531,0.0197087079,18649,18500
1520,0.0004068184,-0.0000908058,0.0196509566,18649,18500
1530,0.0004094294,-0.0000933868,0.0195914712,18649,18500
1540,0.0004151418,-0.0000948296,0.0196945220,18649,18500
1550,0.0004169259,-0.0000958200,0.0196378473,18649,18500
1560,0.0004205733,-0.0000958559,0.0195775647,18649,18500
1570,0.0004251830,-0.0000972028,0.0195136834,18649,18500
1580,0.0004280406,-0.0000973762,0.0192647539,18649,18500
1590,0.0004292693,-0.0000958299,0.0191827659,18649,18500
1600,0.0004317482,-0.0000966002,0.0190984812,18649,18500
1610,0.0004337138,-0.0000973199,0.0190127008,18649,18500
1620,0.0004353627,-0.0000995416,0.0189250056,18649,18500
1630,0.0004379291,-0.0001083035,0.0201073792,18649,18500
1640,0.0004430819,-0.0001084078,0.0200847127,18649,18500
1650,0.0004460700,-0.0001084933,0.0200587902,18649,18500
1660,0.0004497889,-0.0001077943,0.0200288706,18649,18500
1670,0.0004533289,-0.0001049264,0.0195789523,18649,18508
1680,0.0004566582,-0.0001028103,0.0195206534,18649,18508
1690,0.0004593493,-0.0001041053,0.0194602497,18649,18508
1700,0.0004604255,-0.0001046396,0.0193972159,18649,18508
1710,0.0004649085,-0.0001010850,0.0191966258,18649,18508
1720,0.0004688043,-0.0001001903,0.0191206168,18649,18508
1730,0.0004710594,-0.0001015460,0.0190416705,18649,18508
1740,0.0004737338,-0.0001008669,0.0189585052,18649,18508
1750,0.0004767787,-0.0001009824,0.0188704804,18649,18508
1760,0.0004786469,-0.0001057218,0.0196585115,18649,18508
1770,0.0004805654,-0.0001079744,0.0196087062,18649,18508
1780,0.0004841162,-0.0001079399,0.0195552465,18649,18508
1790,0.0004880251,-0.0001072228,0.0194978341,18649,18508
1800,0.0004908144,-0.0001088505,0.0196397565,18649,18508
1810,0.0004946773,-0.0001089119,0.0195855200,18649,18508
1820,0.0004975545,-0.0001097425,0.0195284374,18649,18508
1830,0.0005012714,-0.0001094675,0.0194679834,18649,18508
1840,0.0005051927,-0.0001124053,0.0200546216,18649,18508
1850,0.0005083156,-0.0001147704,0.0200257078,18649,18508
1860,0.0005080849,-0.0001130697,0.0199945793,18649,18508
1870,0.0005138141,-0.0001148479,0.0199597254,18649,18508
1880,0.0005175807,-0.0001173031,0.0199218206,18649,18508
1890,0.0005231131,-0.0001191104,0.0203289054,18649,18508
1900,0.0005265281,-0.0001181792,0.0203077272,18649,18508
1910,0.0005300064,-0.0001198183,0.0202815812,18649,18508
1920,0.0005340424,-0.0001192342,0.0202507544,18648,18508
1930,0.0005387103,-0.0001235477,0.0209515207,18648,18508
1940,0.0005441333,-0.0001268181,0.0209558625,18648,18508
1950,0.0005467034,-0.0001267654,0.0209581666,18648,18508
1960,0.0005509305,-0.0001267737,0.0209569726,18648,18508
1970,0.0005554890,-0.0001289122,0.0209522191,18648,18508
1980,0.0005590130,-0.0001287497,0.0209631361,18648,18508
1990,0.0005629087,-0.0001296933,0.0209506229,18648,18508
2000,0.0005677472,-0.0001304600,0.0209335592,18648,18508
2010,0.0005714979,-0.0001320754,0.0209121313,18648,18508
2020,0.0005763225,-0.0001322426,0.0213282630,18648,18508
2030,0.0005805008,-0.0001330688,0.0213223994,18648,18508
2040,0.0005830924,-0.0001324615,0.0213130005,18648,18508
2050,0.0005867640,-0.0001329523,0.0212997645,18648,18508
2060,0.0005905427,-0.0001325985,0.0212828051,18648,18508
2070,0.0005941305,-0.0001303035,0.0202794783,18648,18508
2080,0.0005990668,-0.0001291498,0.0201997291,18648,18508
2090,0.0006056828,-0.0001293012,0.0201151203,18648,18508
2100,0.0006109136,-0.0001330955,0.0200266335,18648,18508
2110,0.0006158329,-0.0001405975,0.0207517166,18648,18508
2120,0.0006185876,-0.0001398142,0.0207008664,18648,18508
2130,0.0006195828,-0.0001429848,0.0206460264,18648,18508
2140,0.0006128089,-0.0001483552,0.0205867589,18648,18508
2150,-0.0027547849,0.0008188031,0.0206485484,18648,18508
2160,-0.0028368845,-0.0004181238,0.0266870372,18648,18508
2170,-0.0005441796,-0.0004659324,0.0357164592,18648,18508
2180,0.0001937451,0.0009854336,0.0359517485,18648,18514
2190,0.0042475150,0.0010286061,0.0251931231,18648,18514
2200,0.0059485999,0.0010578935,0.0208276790,18648,18514
2210,0.0089628659,0.0010212646,0.0109479809,18648,18514
2220,0.0126668727,-0.0035226843,-0.0064885169,18648,18514
2230,0.0147612654,-0.0081592416,-0.0489076972,18648,18514
2240,0.0192876216,-0.0095329657,-0.0226093121,18648,18514
2250,0.0260378662,-0.0062923473,-0.0133876931,18648,18514
2260,0.0285722502,-0.0043152678,0.0290144049,18648,18514
2270,0.0316170566,-0.0031706435,0.0272194017,18648,18514
2280,0.0245639253,0.0006531772,0.0398967303,18648,18514
2290,0.0266232844,0.0003215807,0.0538148247,18648,18514
2300,0.0304300822,-0.0010049061,0.0692443773,18648,18514
2310,0.0287885014,0.0013015933,0.0719804540,18648,18514
2320,0.0260090418,0.0021849391,0.0720618665,18648,18514
2330,0.0299262069,-0.0001902207,0.0782545730,18648,18514
2340,0.0358973108,0.0050465479,0.0864681005,18648,18514
2350,0.0367536992,0.0054160436,0.1074109003,18648,18514
2360,0.0400703773,0.0043174666,0.1119474322,18648,18514
2370,0.0372098871,0.0029343525,0.0919276327,18648,18514
2380,0.0368543826,0.0030419326,0.0967992097,18648,18514
2390,0.0365289301,0.0029774662,0.1001845300,18648,18514
2400,0.0362633131,0.0028687362,0.1031946018,18648,18514
2410,0.0360920951,0.0028259023,0.1062708497,18648,18514
2420,0.0333034806,0.0014868205,0.0789558962,18662,18514
2430,0.0333952196,0.0013452106,0.0806818306,18662,18514
2440,0.0334977098,0.0011970943,0.0824204758,18662,18514
2450,0.0335222855,0.0011425312,0.0841717124,18662,18514
2460,0.0320399143,0.0004919588,0.0604457594,18662,18514
2470,0.0320416465,0.0005005465,0.0607061982,18662,18514
2480,0.0320621617,0.0004651203,0.0609652586,18662,18514
2490,0.0320467204,0.0004784148,0.0612128153,18662,18514
2500,0.0313643627,0.0004054231,0.0437124968,18662,18514
2510,0.0312032681,0.0005982458,0.0428232178,18662,18514
2520,0.0311868005,0.0006837079,0.0420212485,18662,18514
2530,0.0313390493,0.0005380914,0.0413625538,18662,18514
2540,0.0314710625,0.0003392129,0.0405622609,18662,18514
2550,0.0315945558,0.0001786962,0.0308342259,18662,18514
2560,0.0316613726,0.0000939448,0.0295299813,18662,18514
2570,0.0315992720,0.0001234577,0.0283162091,18662,18514
2580,0.0317606367,0.0001020992,0.0270299353,18662,18514
2590,0.0315757543,0.0002998755,0.0225675013,18662,18514
2600,0.0312583856,0.0004513101,0.0210260134,18662,18514
2610,0.0310775917,0.0006471022,0.0194231663,18662,18514
2620,0.0309611596,0.0005987725,0.0179972779,18662,18514
2630,0.0310128741,0.0004297884,0.0167396106,18662,18514
2640,0.0307703577,-0.0000587075,0.0166155566,18662,18514
2650,0.0303980298,-0.0005055866,0.0149281742,18662,18514
2660,0.0297832023,-0.0010001163,0.0128496755,18662,18514
2670,0.0291043762,-0.0015480745,0.0103260921,18662,18514
2680,0.0287000611,-0.0014575915,0.0155224875,18662,18538
2690,0.0280869175,-0.0002612459,0.0157549679,18662,18538
2700,0.0272134990,0.0002658108,0.0136328610,18662,18538
2710,0.0261259936,0.0016030153,0.0096009318,18662,18538
2720,0.0255477894,0.0026336475,0.0043739635,18662,18538
2730,0.0233913772,0.0035337659,-0.0004192868,18662,18538
2740,0.0169823822,0.0031682490,-0.0277646538,18662,18538
2750,0.0136941532,0.0027880762,-0.0050290171,18662,18538
2760,0.0104671922,0.0071401992,-0.0473667197,18662,18538
2770,0.0040854919,0.0070626410,-0.0243631676,18662,18538
2780,0.0008145361,0.0087678097,-0.0414777957,18662,18538
2790,-0.0040662563,0.0093555711,-0.0301690865,18662,18538
2800,-0.0079754628,0.0106417546,-0.0370762199,18662,18538
2810,-0.0143137164,0.0116921645,-0.0238728467,18662,18538
2820,-0.0191818867,0.0127056018,-0.0338456929,18662,18538
2830,-0.0247598179,0.0136047425,-0.0234665554,18662,18538
2840,-0.0292587224,0.0145624159,-0.0263160057,18662,18538
2850,-0.0358919352,0.0160784945,-0.0049877735,18662,18538
2860,-0.0387459360,0.0163476393,-0.0012773291,18662,18538
2870,-0.0379676633,0.0165319350,0.0014497973,18662,18538
2880,-0.0355736353,0.0152069880,-0.0017328695,18662,18538
2890,-0.0374740884,0.0159891825,0.0016521715,18662,18538
2900,-0.0386283360,0.0148356650,0.0091600884,18662,18538
2910,-0.0359199233,0.0145993792,0.0080885654,18662,18538
2920,-0.0422775932,0.0139642078,0.0196988676,18695,18538
2930,-0.0419278778,0.0151542593,0.0257494021,18695,18538
2940,-0.0435693413,0.0166940205,0.0371304229,18695,18538
2950,-0.0447074734,0.0165794455,0.0417126194,18695,18538
2960,-0.0380330347,0.0152943954,0.0453969799,18695,18538
2970,-0.0384843908,0.0149468668,0.0522885062,18695,18538
2980,-0.0340955369,0.0144439097,0.0480461679,18695,18538
2990,-0.0336076170,0.0130689396,0.0604257621,18695,18538
3000,-0.0293375812,0.0116183441,0.0557448305,18695,18538
3010,-0.0292856395,0.0108159082,0.0658780932,18695,18538
3020,-0.0250081848,0.0096855229,0.0605705604,18695,18538
3030,-0.0242119301,0.0085184090,0.0718704909,18695,18538
3040,-0.0208234079,0.0069553228,0.0698668882,18695,18538
3050,-0.0192238614,0.0065583596,0.0795651674,18695,18538
3060,-0.0160757583,0.0049961996,0.0781006366,18695,18538
3070,-0.0147027057,0.0047024442,0.0829066634,18695,18538
3080,-0.0119034145,0.0031758538,0.0836591423,18695,18538
3090,-0.0102097560,0.0024706642,0.0890042037,18695,18538
3100,-0.0075201206,0.0006444253,0.0894793645,18695,18538
3110,-0.0053351196,0.0007175356,0.0964764953,18695,18538
3120,-0.0058891857,0.0004776032,0.0929456502,18695,18538
3130,-0.0020599351,-0.0007451088,0.0953633636,18695,18538
3140,-0.0002886398,-0.0001803886,0.0980630219,18695,18538
3150,0.0023517718,-0.0016386784,0.0993836597,18695,18538
3160,0.0013736961,-0.0015176298,0.0944137201,18695,18538
3170,0.0043310192,-0.0025804914,0.0953135118,18695,18567
3180,0.0050425543,-0.0033180383,0.0969561562,18695,18567
3190,0.0079769604,-0.0046490654,0.0973008350,18695,18567
3200,0.0066904444,-0.0039986353,0.0883258730,18695,18567
3210,0.0095158909,-0.0056611705,0.0882257521,18695,18567
3220,0.0097449487,-0.0059068911,0.0892475992,18695,18567
3230,0.0141109917,-0.0059310095,0.0905604064,18695,18567
3240,0.0148522370,-0.0070367078,0.0939584896,18695,18567
3250,0.0157441422,-0.0068183173,0.0814917535,18695,18567
3260,0.0161158498,-0.0057640229,0.0814638957,18695,18567
3270,0.0188494213,-0.0083799586,0.0837425441,18695,18567
3280,0.0193735603,-0.0082665766,0.0844178498,18695,18567
3290,0.0204758272,-0.0068018138,0.0745668635,18695,18567
3300,0.0208747610,-0.0081234565,0.0753029585,18695,18567
3310,0.0220537260,-0.0079258448,0.0745466053,18695,18567
3320,0.0220630318,-0.0080376239,0.0735563040,18695,18567
3330,0.0223684199,-0.0087367091,0.0726171881,18695,18567
3340,0.0235149786,-0.0060214978,0.0649342760,18695,18567
3350,0.0242062751,-0.0028041722,0.0578650907,18695,18567
3360,0.0244801845,-0.0027941139,0.0609754212,18695,18567
3370,0.0250334609,-0.0032494881,0.0639114752,18695,18567
3380,0.0234441813,-0.0040556272,0.0567045510,18695,18567
3390,0.0223816279,-0.0044261450,0.0539306588,18695,18567
3400,0.0220840070,-0.0043287212,0.0531646013,18695,18567
3410,0.0221190620,-0.0053668143,0.0526012853,18695,18567
3420,0.0228176564,-0.0070943469,0.0396101736,18719,18567
3430,0.0209565982,-0.0079584029,0.0365395248,18719,18567
3440,0.0192006659,-0.0072592827,0.0361052528,18719,18567
3450,0.0175268482,-0.0071094106,0.0328463912,18719,18567
3460,0.0147996945,-0.0083369631,0.0217687581,18719,18567
3470,0.0134086609,-0.0089566782,0.0207658466,18719,18567
3480,0.0109779965,-0.0085134692,0.0163010918,18719,18567
3490,0.0087134466,-0.0108182291,0.0146227907,18719,18567
3500,0.0063457671,-0.0119461659,0.0054125898,18719,18567
3510,0.0026862193,-0.0121514723,0.0172453541,18719,18567
3520,-0.0004164742,-0.0127369137,0.0085548032,18719,18567
3530,-0.0036211661,-0.0135770962,0.0122233862,18719,18567
3540,-0.0064792857,-0.0138529418,0.0077319066,18719,18567
3550,-0.0102469157,-0.0129615683,0.0158824213,18719,18567
3560,-0.0164402220,-0.0146105886,0.0212979913,18719,18567
3570,-0.0211223867,-0.0140703376,0.0352652185,18719,18567
3580,-0.0242346656,-0.0127105713,0.0320022218,18719,18567
3590,-0.0282836594,-0.0127133615,0.0444875881,18719,18567
3600,-0.0341179818,-0.0139068952,0.0529180467,18719,18567
3610,-0.0369692110,-0.0134473620,0.0645818487,18719,18567
3620,-0.0394392014,-0.0148153743,0.0700591505,18719,18567
3630,-0.0393524617,-0.0148733770,0.0759941116,18719,18567
3640,-0.0422134250,-0.0157267712,0.0813896358,18719,18567
3650,-0.0414957739,-0.0154109877,0.0862865299,18719,18567
3660,-0.0404403843,-0.0138825951,0.0893898383,18719,18567
3670,-0.0418010652,-0.0152269248,0.0959843621,18719,18574
3680,-0.0402654894,-0.0141508095,0.0988001004,18719,18574
3690,-0.0514877699,-0.0131264487,0.1149690375,18719,18574
3700,-0.0521580167,-0.0128685795,0.1229029447,18719,18574
3710,-0.0530750230,-0.0142648630,0.1303181350,18719,18574
3720,-0.0532450117,-0.0144847697,0.1359326988,18719,18574
3730,-0.0539409965,-0.0133128855,0.1339002550,18719,18574
3740,-0.0532536209,-0.0134904049,0.1390825659,18719,18574
3750,-0.0526762865,-0.0148984632,0.1436853558,18719,18574
3760,-0.0517221503,-0.0130480556,0.1482218206,18719,18574
3770,-0.0543426424,-0.0131067196,0.1470752656,18719,18574
3780,-0.0535011776,-0.0125376564,0.1509747803,18719,18574
3790,-0.0539276004,-0.0142273456,0.1553010046,18719,18574
3800,-0.0538654067,-0.0138464775,0.1590709239,18719,18574
3810,-0.0541475788,-0.0134257814,0.1628329307,18719,18574
3820,-0.0539119691,-0.0130903693,0.1603628099,18719,18574
3830,-0.0526378565,-0.0137952585,0.1631560773,18719,18574
3840,-0.0537284464,-0.0141790556,0.1666743606,18719,18574
3850,-0.0547539964,-0.0148111917,0.1697318852,18719,18574
3860,-0.0548760332,-0.0187499523,0.1662836969,18719,18574
3870,-0.0529660955,-0.0186533574,0.1688727289,18719,18574
3880,-0.0530871265,-0.0191022959,0.1711623669,18719,18574
3890,-0.0520593300,-0.0164315999,0.1742941290,18719,18574
3900,-0.0507300347,-0.0174974147,0.1761122495,18719,18574
3910,-0.0488538146,-0.0166406017,0.1691816002,18719,18574
3920,-0.0478681549,-0.0164700970,0.1704451442,18719,18574
3930,-0.0487499721,-0.0159789659,0.1727660447,18726,18574
3940,-0.0467058420,-0.0167880636,0.1738422662,18726,18574
3950,-0.0463368781,-0.0161277726,0.1720156372,18726,18574
3960,-0.0447552949,-0.0162558258,0.1729140580,18726,18574
3970,-0.0444487445,-0.0142150037,0.1740377992,18726,18574
3980,-0.0428597629,-0.0152017595,0.1754047722,18726,18574
3990,-0.0430214405,-0.0151767246,0.1749680638,18726,18574
4000,-0.0417712331,-0.0139655257,0.1758704633,18726,18574
4010,-0.0407576635,-0.0143860253,0.1769874096,18726,18574
4020,-0.0395322628,-0.0140343588,0.1779408902,18726,18574
4030,-0.0387669876,-0.0136269005,0.1790068448,18726,18574
4040,-0.0375039428,-0.0121709742,0.1791126132,18726,18574
4050,-0.0376472063,-0.0123481890,0.1804974675,18726,18574
4060,-0.0367029160,-0.0124505321,0.1816414297,18726,18574
4070,-0.0357213952,-0.0121248681,0.1827438772,18726,18574
4080,-0.0347037464,-0.0117741758,0.1843602657,18726,18574
4090,-0.0342499800,-0.0109939044,0.1855722219,18726,18574
4100,-0.0327278562,-0.0106972894,0.1867465079,18726,18574
4110,-0.0332958661,-0.0105160484,0.1882615983,18726,18574
4120,-0.0316515267,-0.0108784903,0.1897618771,18726,18574
4130,-0.0316731185,-0.0111915506,0.1911556125,18726,18574
4140,-0.0304903276,-0.0092084678,0.1926474124,18726,18574
4150,-0.0296901800,-0.0097229993,0.1941558123,18726,18574
4160,-0.0294252820,-0.0098431800,0.1956437528,18726,18574
4170,-0.0294965431,-0.0087669129,0.1984650046,18726,18586
4180,-0.0290220026,-0.0087670572,0.2000459731,18726,18586
4190,-0.0284966771,-0.0082219392,0.2016113251,18726,18586
4200,-0.0284964498,-0.0083510987,0.2032228559,18726,18586
4210,-0.0278716497,-0.0084135393,0.2052842230,18726,18586
4220,-0.0278017316,-0.0085385479,0.2069283724,18726,18586
4230,-0.0289264824,-0.0073958449,0.2085740119,18726,18586
4240,-0.0287547726,-0.0082308920,0.2103139758,18726,18586
4250,-0.0292486269,-0.0083562676,0.2118933648,18726,18586
4260,-0.0288789868,-0.0090818638,0.2155639380,18726,18586
4270,-0.0290346090,-0.0090201246,0.2172970325,18726,18586
4280,-0.0290701557,-0.0087800166,0.2190481424,18726,18586
4290,-0.0278697740,-0.0083495481,0.2208856344,18726,18586
4300,-0.0278066806,-0.0085810423,0.2226347029,18726,18586
4310,-0.0309003238,-0.0107964100,0.2244342119,18726,18586
4320,-0.0317248665,-0.0080215149,0.2264967263,18726,18586
4330,-0.0294760074,-0.0079703582,0.2286986560,18726,18586
4340,-0.0308279432,-0.0086585060,0.2304586917,18726,18586
4350,-0.0301072039,-0.0125056701,0.2315935344,18726,18586
4360,-0.0327239335,-0.0093904147,0.2339624316,18726,18586
4370,-0.0320939384,-0.0133780697,0.2357519120,18726,18586
4380,-0.0334126055,-0.0138291577,0.2373313010,18726,18586
4390,-0.0328288302,-0.0133084208,0.2398192585,18726,18586
4400,-0.0322149023,-0.0126255779,0.2415475547,18726,18586
4410,-0.0322786979,-0.0117974123,0.2431529164,18726,18586
4420,-0.0324279666,-0.0109363599,0.2446579337,18728,18586
4430,-0.0319406614,-0.0102493363,0.2464319766,18728,18586
4440,-0.0316622593,-0.0076481383,0.2476600409,18728,18586
4450,-0.0313701741,-0.0101700174,0.2496492416,18728,18586
4460,-0.0313493945,-0.0077200490,0.2508826852,18728,18586
4470,-0.0306759831,-0.0097807311,0.2526644170,18728,18586
4480,-0.0308765452,-0.0091427946,0.2553973198,18728,18586
4490,-0.0311160516,-0.0099955918,0.2568937838,18728,18586
4500,-0.0298476126,-0.0098803500,0.2582403123,18728,18586
4510,-0.0285758246,-0.0097106788,0.2594920099,18728,18586
4520,-0.0287520327,-0.0070191217,0.2622457743,18728,18586
4530,-0.0288891867,-0.0077149575,0.2637217045,18728,18586
4540,-0.0291270874,-0.0083264699,0.2651313543,18728,18586
4550,-0.0294031315,-0.0073868278,0.2664576173,18728,18586
4560,-0.0295977034,-0.0071627330,0.2677471042,18728,18586
4570,-0.0290240180,-0.0063206800,0.2678106725,18728,18586
4580,-0.0291556232,-0.0049395477,0.2688709795,18728,18586
4590,-0.0292730350,-0.0076193712,0.2702476680,18728,18586
4600,-0.0294525083,-0.0027615125,0.2713597417,18728,18586
4610,-0.0295039359,-0.0009275755,0.2728565037,18728,18586
4620,-0.0295385625,-0.0009664248,0.2739242613,18728,18586
4630,-0.0295897033,-0.0018728850,0.2750433683,18728,18586
4640,-0.0288063269,-0.0020731180,0.2760049105,18728,18586
4650,-0.0281087309,-0.0005942329,0.2756716311,18728,18586
4660,-0.0282148868,0.0032508161,0.2763202190,18728,18586
4670,-0.0283210054,0.0026194409,0.2772649527,18728,18586
4680,-0.0278010555,0.0052479603,0.2778369188,18728,18585
4690,-0.0280231405,0.0053879702,0.2786881030,18728,18585
4700,-0.0274581593,0.0044986894,0.2779844999,18728,18585
4710,-0.0268314332,0.0051874775,0.2785691023,18728,18585
4720,-0.0254445486,0.0081389137,0.2790315747,18728,18585
4730,-0.0256682821,0.0079064015,0.2797589898,18728,18585
4740,-0.0259579886,0.0087493602,0.2816402614,18728,18585
4750,-0.0263929982,0.0096440865,0.2822586894,18728,18585
4760,-0.0260048732,0.0106427884,0.2828387320,18728,18585
4770,-0.0263432804,0.0110425707,0.2834367454,18728,18585
4780,-0.0258726012,0.0116710663,0.2847892940,18728,18585
4790,-0.0253348406,0.0112254685,0.2854088843,18728,18585
4800,-0.0246402007,0.0121653024,0.2859800756,18728,18585
4810,-0.0247802585,0.0125487503,0.2865471244,18728,18585
4820,-0.0241353307,0.0128665939,0.2870973647,18728,18585
4830,-0.0241173021,0.0149717201,0.2883967459,18728,18585
4840,-0.0233306549,0.0173522513,0.2888904214,18728,18585
4850,-0.0233050026,0.0173706803,0.2894980013,18728,18585
4860,-0.0225924291,0.0174386334,0.2900571525,18728,18585
4870,-0.0227706432,0.0187549945,0.2920887172,18728,18585
4880,-0.0230467338,0.0184308439,0.2927044928,18728,18585
4890,-0.0224956665,0.0197064113,0.2932362854,18728,18585
4900,-0.0226946454,0.0194823984,0.2938364446,18728,18585
4910,-0.0220552422,0.0192047823,0.2914447784,18728,18585
4920,-0.0221560914,0.0195452943,0.2917984128,18733,18585
4930,-0.0221306868,0.0200334396,0.2921320200,18733,18585
4940,-0.0220459010,0.0198853463,0.2924482226,18733,18585
4950,-0.0218982659,0.0200036131,0.2927550673,18733,18585
4960,-0.0215987395,0.0204030443,0.2931160927,18733,18585
4970,-0.0213334560,0.0206633843,0.2934042811,18733,18585
4980,-0.0211070329,0.0211625360,0.2936808467,18733,18585
4990,-0.0209440533,0.0215349942,0.2939467132,18733,18585
5000,-0.0208470859,0.0221115686,0.2949886620,18733,18585
5010,-0.0208300464,0.0225445963,0.2952869534,18733,18585
5020,-0.0202264395,0.0228947382,0.2955756783,18733,18585
5030,-0.0204896014,0.0230285060,0.2958821356,18733,18585
5040,-0.0199363064,0.0230536312,0.2961709201,18733,18585
5050,-0.0202071704,0.0230884664,0.2947392166,18733,18585
5060,-0.0203920975,0.0230272636,0.2949643433,18733,18585
5070,-0.0196921565,0.0230415445,0.2951720655,18733,18585
5080,-0.0196790937,0.0231929664,0.2953731716,18733,18585
5090,-0.0195529647,0.0234039146,0.2950164378,18733,18585
5100,-0.0193835869,0.0238633882,0.2952015996,18733,18585
5110,-0.0192259066,0.0242787376,0.2953894138,18733,18585
5120,-0.0190280527,0.0246782210,0.2955719531,18733,18585
5130,-0.0190132856,0.0242575277,0.2958576977,18733,18585
5140,-0.0189041384,0.0245923176,0.2960597277,18733,18585
5150,-0.0188709013,0.0247390531,0.2962836325,18733,18585
5160,-0.0188150220,0.0241074059,0.2965318263,18733,18585
5170,-0.0187584274,0.0241221786,0.2967837155,18733,18591
5180,-0.0187339671,0.0240952950,0.2971342206,18733,18591
5190,-0.0186842531,0.0242040381,0.2974187434,18733,18591
5200,-0.0187101010,0.0243233759,0.2977246642,18733,18591
5210,-0.0185948443,0.0245244652,0.2980455756,18733,18591
5220,-0.0185510870,0.0241036639,0.2979568541,18733,18591
5230,-0.0184432156,0.0236634389,0.2982639670,18733,18591
5240,-0.0183796044,0.0223258417,0.2985602319,18733,18591
5250,-0.0183267239,0.0217802320,0.2988745570,18733,18591
5260,-0.0182115640,0.0222206861,0.3003391027,18733,18591
5270,-0.0181883313,0.0209907647,0.3007298410,18733,18591
5280,-0.0182228684,0.0199861061,0.3010888100,18733,18591
5290,-0.0181182418,0.0204001162,0.3015295565,18733,18591
5300,-0.0172441136,0.0209388174,0.3019740582,18733,18591
5310,-0.0171812735,0.0215464197,0.3040135503,18733,18591
5320,-0.0171641707,0.0220748819,0.3045061529,18733,18591
5330,-0.0171887726,0.0224482287,0.3050036132,18733,18591
5340,-0.0180353336,0.0226166677,0.3055208325,18733,18591
5350,-0.0181228463,0.0209278725,0.3062671125,18733,18591
5360,-0.0173219908,0.0215219595,0.3067868054,18733,18591
5370,-0.0172968861,0.0212876368,0.3072876632,18733,18591
5380,-0.0180502813,0.0209858008,0.3077813387,18733,18591
5390,-0.0179995559,0.0208097659,0.3082747161,18733,18591
5400,-0.0179549810,0.0207525007,0.3099056184,18733,18591
5410,-0.0170483645,0.0208893660,0.3104639947,18733,18591
5420,-0.0177387539,0.0194738898,0.3110185564,18743,18591
5430,-0.0168449823,0.0189098138,0.3115369678,18743,18591
5440,-0.0175881442,0.0176364332,0.3118307292,18743,18591
5450,-0.0174989682,0.0188761689,0.3124094307,18743,18591
5460,-0.0175064746,0.0168541856,0.3128873110,18743,18591
5470,-0.0173972566,0.0189686473,0.3135017157,18743,18591
5480,-0.0173779596,0.0185949262,0.3135834336,18743,18591
5490,-0.0165607110,0.0165576302,0.3140152097,18743,18591
5500,-0.0165417213,0.0169920735,0.3144450486,18743,18591
5510,-0.0157302059,0.0172245745,0.3148338497,18743,18591
5520,-0.0157935191,0.0172403902,0.3152642250,18743,18591
5530,-0.0158886127,0.0170989074,0.3155258000,18743,18591
5540,-0.0151957842,0.0169885512,0.3158675730,18743,18591
5550,-0.0153365005,0.0168595109,0.3162117600,18743,18591
5560,-0.0155622642,0.0159959272,0.3165395260,18743,18591
5570,-0.0165867973,0.0159143917,0.3178296685,18743,18591
5580,-0.0159485005,0.0158774909,0.3181887269,18743,18591
5590,-0.0152074322,0.0159217361,0.3185392320,18743,18591
5600,-0.0152868284,0.0160725359,0.3188835084,18743,18591
5610,-0.0152175520,0.0161597785,0.3192024529,18743,18591
5620,-0.0151782613,0.0163556375,0.3202658892,18743,18591
5630,-0.0151227070,0.0165062994,0.3205935061,18743,18591
5640,-0.0150687564,0.0165864863,0.3209103048,18743,18591
5650,-0.0149773322,0.0156421456,0.3212533295,18743,18591
5660,-0.0149831483,0.0137701556,0.3226928413,18743,18591
5670,-0.0150319561,0.0135370037,0.3230538964,18743,18599
5680,-0.0151022673,0.0133774756,0.3234133124,18743,18599
5690,-0.0151938312,0.0141248526,0.3237896562,18743,18599
5700,-0.0153230773,0.0142986551,0.3246014416,18743,18599
5710,-0.0153083242,0.0138809187,0.3249366879,18743,18599
5720,-0.0152556328,0.0143323904,0.3252634406,18743,18599
5730,-0.0143242888,0.0146821281,0.3255575299,18743,18599
5740,-0.0149678411,0.0148994271,0.3258515000,18743,18599
5750,-0.0148137473,0.0150616178,0.3257480264,18743,18599
5760,-0.0147404103,0.0149586545,0.3259975910,18743,18599
5770,-0.0146978563,0.0146809118,0.3262215555,18743,18599
5780,-0.0146755418,0.0143513968,0.3264184594,18743,18599
5790,-0.0146332392,0.0138821322,0.3264260590,18743,18599
5800,-0.0145345796,0.0151144657,0.3266080618,18743,18599
5810,-0.0144826239,0.0147578474,0.3267572820,18743,18599
5820,-0.0143523198,0.0153991068,0.3268713653,18743,18599
5830,-0.0141892796,0.0153802596,0.3265658617,18743,18599
5840,-0.0140409842,0.0153611014,0.3266381621,18743,18599
5850,-0.0140102040,0.0153582534,0.3267016411,18743,18599
5860,-0.0140548507,0.0161458123,0.3267509043,18743,18599
5870,-0.0140720569,0.0162311718,0.3267975748,18743,18599
5880,-0.0143427979,0.0160508920,0.3269226551,18743,18599
5890,-0.0144989351,0.0183530208,0.3269202411,18743,18599
5900,-0.0146151641,0.0179706104,0.3269733787,18743,18599
5910,-0.0146667697,0.0174192525,0.3270264566,18743,18599
5920,-0.0146626001,0.0175663549,0.3278714120,18742,18599
5930,-0.0145844463,0.0168941729,0.3279387653,18742,18599
5940,-0.0144944489,0.0172395855,0.3279858828,18742,18599
5950,-0.0143048055,0.0169502646,0.3280249536,18742,18599
5960,-0.0142037114,0.0167158321,0.3280687332,18742,18599
5970,-0.0140922330,0.0164975952,0.3276265264,18742,18599
5980,-0.0139265256,0.0165177695,0.3276043534,18742,18599
5990,-0.0139641510,0.0166451018,0.3275800049,18742,18599
6000,-0.0139433686,0.0169961918,0.3275633454,18742,18599
6010,-0.0141385263,0.0172513518,0.3289824128,18742,18599
6020,-0.0142853223,0.0174618866,0.3290280402,18742,18599
6030,-0.0144089526,0.0175731983,0.3290769160,18742,18599
6040,-0.0136162015,0.0176747516,0.3291470110,18742,18599
6050,-0.0136214718,0.0176777709,0.3287228644,18742,18599
6060,-0.0135690393,0.0175468810,0.3287940323,18742,18599
6070,-0.0134812007,0.0174394399,0.3288592696,18742,18599
6080,-0.0134797050,0.0172934979,0.3289250731,18742,18599
6090,-0.0133838207,0.0175047237,0.3289987743,18742,18599
6100,-0.0133997994,0.0174997523,0.3290684819,18742,18599
6110,-0.0133596249,0.0177155957,0.3291192651,18742,18599
6120,-0.0133610368,0.0177907106,0.3291709125,18742,18599
6130,-0.0133329034,0.0179009717,0.3292322159,18742,18599
6140,-0.0124738356,0.0197720882,0.3308101594,18742,18599
6150,-0.0125070335,0.0189970247,0.3309791982,18742,18599
6160,-0.0125879785,0.0189099293,0.3311123252,18742,18599
6170,-0.0126790730,0.0186185706,0.3312487304,18742,18595
6180,-0.0127759548,0.0193035118,0.3313724697,18742,18595
6190,-0.0130400676,0.0191136766,0.3309126198,18742,18595
6200,-0.0123019051,0.0197022147,0.3310122490,18742,18595
6210,-0.0123211462,0.0195861049,0.3311109543,18742,18595
6220,-0.0123771401,0.0203426797,0.3311858773,18742,18595
6230,-0.0123236561,0.0194382705,0.3320308030,18742,18595
6240,-0.0123867188,0.0194732565,0.3321370780,18742,18595
6250,-0.0124268001,0.0201006085,0.3322477043,18742,18595
6260,-0.0126158744,0.0200854428,0.3323490620,18742,18595
6270,-0.0127089648,0.0200699531,0.3318410218,18742,18595
6280,-0.0127448300,0.0217587594,0.3318970799,18742,18595
6290,-0.0126821995,0.0217016954,0.3319601715,18742,18595
6300,-0.0125786373,0.0208181292,0.3320415914,18742,18595
6310,-0.0124889156,0.0215647854,0.3320916295,18742,18595
6320,-0.0123601919,0.0206194222,0.3325214088,18742,18595
6330,-0.0122161526,0.0221770015,0.3325828016,18742,18595
6340,-0.0121190995,0.0221883208,0.3326380551,18742,18595
6350,-0.0121045625,0.0221836846,0.3326948583,18742,18595
6360,-0.0122019686,0.0221479703,0.3324471116,18742,18595
6370,-0.0122805201,0.0221947581,0.3324576914,18742,18595
6380,-0.0116003864,0.0230579916,0.3324685395,18742,18595
6390,-0.0117870802,0.0247661397,0.3324344158,18742,18595
6400,-0.0110919792,0.0239039566,0.3324761987,18742,18595
6410,-0.0111376820,0.0238012858,0.3326757550,18742,18595
6420,-0.0103482362,0.0236949772,0.3326422274,18742,18595
6430,-0.0103570381,0.0234661661,0.3326112926,18751,18595
6440,-0.0104251569,0.0240799356,0.3325734437,18751,18595
6450,-0.0105221150,0.0239258595,0.3327035010,18751,18595
6460,-0.0106844390,0.0239431951,0.3326545358,18751,18595
6470,-0.0100434646,0.0240421556,0.3325978518,18751,18595
6480,-0.0101899989,0.0240089316,0.3325469494,18751,18595
6490,-0.0103180716,0.0240713488,0.3324871659,18751,18595
6500,-0.0103217419,0.0240401290,0.3321959972,18751,18595
6510,-0.0093996208,0.0243264697,0.3320874572,18751,18595
6520,-0.0094149383,0.0246743727,0.3319528103,18751,18595
6530,-0.0093149021,0.0241145846,0.3318002522,18751,18595
6540,-0.0093225157,0.0243519489,0.3325360715,18751,18595
6550,-0.0093419142,0.0245566759,0.3324008584,18751,18595
6560,-0.0093811825,0.0246248674,0.3322667480,18751,18595
6570,-0.0086070308,0.0245625749,0.3321273625,18751,18595
6580,-0.0087623214,0.0244336370,0.3323451877,18751,18595
6590,-0.0090114912,0.0242843237,0.3322292864,18751,18595
6600,-0.0092274053,0.0241506733,0.3321178257,18751,18595
6610,-0.0093760705,0.0240489822,0.3319990337,18751,18595
6620,-0.0094357859,0.0240437575,0.3318793774,18751,18595
6630,-0.0093126511,0.0242124684,0.3326801360,18751,18595
6640,-0.0091132503,0.0251302589,0.3326198161,18751,18595
6650,-0.0088649346,0.0253929291,0.3325491250,18751,18595
6660,-0.0085482802,0.0247791354,0.3325006068,18751,18595
6670,-0.0083093308,0.0248927865,0.3343034089,18751,18597
6680,-0.0082281884,0.0249508508,0.3343431950,18751,18597
6690,-0.0082837166,0.0248526260,0.3343826234,18751,18597
6700,-0.0083642760,0.0247404668,0.3344278932,18751,18597
6710,-0.0085573429,0.0246472992,0.3355055451,18751,18597
6720,-0.0087674893,0.0246229377,0.3355836272,18751,18597
6730,-0.0081101563,0.0247281790,0.3356685340,18751,18597
6740,-0.0081819510,0.0247432720,0.3357487917,18751,18597
6750,-0.0082410723,0.0255904049,0.3358269036,18751,18597
6760,-0.0082384394,0.0256988239,0.3372093141,18751,18597
6770,-0.0081126634,0.0250521637,0.3373396099,18751,18597
6780,-0.0080013853,0.0250822697,0.3374513686,18751,18597
6790,-0.0078909807,0.0249859598,0.3375374377,18751,18597
6800,-0.0077684522,0.0249398593,0.3382003903,18751,18597
6810,-0.0077052359,0.0248472448,0.3383113444,18751,18597
6820,-0.0076665552,0.0248073451,0.3384097815,18751,18597
6830,-0.0076425057,0.0256094150,0.3384862542,18751,18597
6840,-0.0075498223,0.0256525055,0.3385277987,18751,18597
6850,-0.0075155594,0.0257169306,0.3387518227,18751,18597
6860,-0.0074164174,0.0249005016,0.3387849927,18751,18597
6870,-0.0074126180,0.0257463604,0.3388137817,18751,18597
6880,-0.0065700551,0.0257075820,0.3388115764,18751,18597
6890,-0.0065268343,0.0247099828,0.3380572498,18751,18597
6900,-0.0065861405,0.0245694648,0.3380015492,18751,18597
6910,-0.0067015886,0.0253202822,0.3379431367,18751,18597
6920,-0.0068108011,0.0252927020,0.3378472924,18750,18597
6930,-0.0069468934,0.0261340607,0.3377986550,18750,18597
6940,-0.0070126536,0.0261958688,0.3376791477,18750,18597
6950,-0.0070567015,0.0261447113,0.3375571966,18750,18597
6960,-0.0061589777,0.0265133642,0.3374223113,18750,18597
6970,-0.0052926186,0.0262503140,0.3372712135,18750,18597
6980,-0.0059930827,0.0262520779,0.3370359838,18750,18597
6990,-0.0059404559,0.0262308028,0.3368859291,18750,18597
7000,-0.0068531297,0.0259831231,0.3367347121,18750,18597
7010,-0.0052984715,0.0261949617,0.3365980983,18750,18597
7020,-0.0071607591,0.0259826910,0.3378759325,18750,18597
7030,-0.0048178486,0.0257084183,0.3378367722,18750,18597
7040,-0.0047986419,0.0247563813,0.3377388418,18750,18597
7050,-0.0048812903,0.0257425681,0.3376944065,18750,18597
7060,-0.0049511031,0.0268338285,0.3373652399,18750,18597
7070,-0.0050376630,0.0271798298,0.3372617364,18750,18597
7080,-0.0050933594,0.0267978031,0.3371852934,18750,18597
7090,-0.0052801645,0.0267274324,0.3371163309,18750,18597
7100,-0.0054092174,0.0250240751,0.3370589614,18750,18597
7110,-0.0056296252,0.0261937976,0.3378100991,18750,18597
7120,-0.0057470067,0.0264207907,0.3377632797,18750,18597
7130,-0.0049746837,0.0261612106,0.3377363086,18750,18597
7140,-0.0049351724,0.0258117616,0.3376947045,18750,18597
7150,-0.0049094078,0.0258686021,0.3377724886,18750,18597
7160,-0.0047482569,0.0259181503,0.3377352655,18750,18597
7170,-0.0046491949,0.0268827323,0.3376930356,18750,18597
7180,-0.0046165520,0.0270517338,0.3376454413,18750,18612
7190,-0.0045296825,0.0270748101,0.3376070857,18750,18612
7200,-0.0049727326,0.0274038389,0.3372961283,18750,18612
7210,-0.0040439907,0.0282928329,0.3372034729,18750,18612
7220,-0.0049162111,0.0271703172,0.3372259736,18750,18612
7230,-0.0039590895,0.0289119836,0.3370507956,18750,18612
7240,-0.0034470637,0.0291504618,0.3372871876,18750,18612
7250,-0.0029310619,0.0301301703,0.3370806277,18750,18612
7260,-0.0035770014,0.0320010670,0.3368471861,18750,18612
7270,-0.0030297439,0.0323827676,0.3366860747,18750,18612
7280,-0.0037752292,0.0313128047,0.3370367885,18750,18612
7290,-0.0031920676,0.0289190672,0.3370551169,18750,18612
7300,-0.0029937634,0.0304842703,0.3368717730,18750,18612
7310,-0.0028496778,0.0303026214,0.3368345797,18750,18612
7320,-0.0036104866,0.0311406571,0.3368155658,18750,18612
7330,-0.0033324147,0.0320386961,0.3366488814,18750,18612
7340,-0.0029246467,0.0325163528,0.3365504146,18750,18612
7350,-0.0022584270,0.0330218524,0.3364240825,18750,18612
7360,-0.0014112054,0.0338236317,0.3362435997,18750,18612
7370,-0.0013871799,0.0353530049,0.3358274400,18750,18612
7380,-0.0006583761,0.0334968865,0.3359772861,18750,18612
7390,-0.0008950320,0.0357442349,0.3358134329,18750,18612
7400,-0.0005749525,0.0367447920,0.3356954455,18750,18612
7410,-0.0004504353,0.0366152860,0.3357880414,18750,18612
7420,0.0004107041,0.0362565555,0.3385745585,18764,18612
7430,0.0002701006,0.0358855911,0.3387767673,18764,18612
7440,0.0009038838,0.0371822976,0.3387844265,18764,18612
7450,0.0016857777,0.0386376828,0.3387537897,18764,18612
7460,0.0016463797,0.0387203246,0.3384165466,18764,18612
7470,0.0032469868,0.0396765620,0.3383357525,18764,18612
7480,0.0033162544,0.0399297588,0.3384653032,18764,18612
7490,0.0042501511,0.0410162359,0.3384079933,18764,18612
7500,0.0042626113,0.0421066806,0.3384462893,18764,18612
7510,0.0057600127,0.0446714684,0.3365108073,18764,18612
7520,0.0057131075,0.0446882881,0.3366228044,18764,18612
7530,0.0071817413,0.0453166105,0.3364848495,18764,18612
7540,0.0068389080,0.0447369404,0.3367421329,18764,18612
7550,0.0074141305,0.0447808057,0.3366510272,18764,18612
7560,0.0079953652,0.0458109789,0.3365273774,18764,18612
7570,0.0102791311,0.0503628105,0.3359951377,18764,18612
7580,0.0110965194,0.0526595116,0.3356420994,18764,18612
7590,0.0126299709,0.0532233641,0.3351570666,18764,18612
7600,0.0132763833,0.0538027920,0.3350778222,18764,18612
7610,0.0146555239,0.0532604046,0.3350830078,18764,18612
7620,0.0150691392,0.0558144748,0.3348746002,18764,18612
7630,0.0153541677,0.0567165688,0.3348668814,18764,18612
7640,0.0173016023,0.0593375564,0.3340488970,18764,18612
7650,0.0176833794,0.0594917089,0.3341108263,18764,18612
7660,0.0196964275,0.0620936006,0.3337122500,18764,18612
7670,0.0201985724,0.0624917895,0.3337891102,18764,18608
7680,0.0216737594,0.0645371526,0.3351973593,18764,18608
7690,0.0229857303,0.0651036724,0.3352158368,18764,18608
7700,0.0252333730,0.0688449070,0.3347852230,18764,18608
7710,0.0265128035,0.0692617670,0.3349362016,18764,18608
7720,0.0277647097,0.0713053867,0.3348121643,18764,18608
7730,0.0282121822,0.0708648190,0.3364404142,18764,18608
7740,0.0292536896,0.0719568804,0.3365743160,18764,18608
7750,0.0310697798,0.0730820447,0.3366391659,18764,18608
7760,0.0329285264,0.0760353431,0.3365004659,18764,18608
7770,0.0339232311,0.0773236305,0.3355484307,18764,18608
7780,0.0359782241,0.0787020400,0.3354901373,18764,18608
7790,0.0363732763,0.0812720284,0.3354921043,18764,18608
7800,0.0375439078,0.0821706876,0.3356178701,18764,18608
7810,0.0397013538,0.0829225481,0.3374032676,18764,18608
7820,0.0411198251,0.0843322948,0.3374973536,18764,18608
7830,0.0433330536,0.0887623578,0.3371414840,18764,18608
7840,0.0439191274,0.0892242715,0.3375742137,18764,18608
7850,0.0460728295,0.0911996588,0.3374746144,18764,18608
7860,0.0467595123,0.0916461572,0.3388440013,18764,18608
7870,0.0480617769,0.0935587063,0.3389244974,18764,18608
7880,0.0493597426,0.0946636274,0.3390918374,18764,18608
7890,0.0507795215,0.0982796103,0.3389168084,18764,18608
7900,0.0522069372,0.1012544483,0.3392789066,18764,18608
7910,0.0538139008,0.1009951234,0.3396510482,18764,18608
7920,0.0554859638,0.1015406102,0.3398330808,18764,18608
7930,0.0555376895,0.1021254063,0.3402056694,18751,18608
7940,0.0572196953,0.1060269699,0.3416366875,18751,18608
7950,0.0596778393,0.1090718657,0.3415199220,18751,18608
7960,0.0597034544,0.1122958288,0.3415734172,18751,18608
7970,0.0616015978,0.1124579161,0.3419417441,18751,18608
7980,0.0625105277,0.1140857935,0.3421074152,18751,18608
7990,0.0643079728,0.1151508465,0.3429861665,18751,18608
8000,0.0652649552,0.1163768396,0.3431585729,18751,18608
8010,0.0661275163,0.1201067716,0.3430396914,18751,18608
8020,0.0669765696,0.1222260892,0.3430615664,18751,18608
8030,0.0686888695,0.1226392463,0.3427600563,18751,18608
8040,0.0704916343,0.1230614409,0.3428263366,18751,18608
8050,0.0707050413,0.1253213137,0.3428500891,18751,18608
8060,0.0735289156,0.1301060319,0.3422364891,18751,18608
8070,0.0746573731,0.1307830662,0.3424259424,18751,18608
8080,0.0757182315,0.1330997199,0.3399109840,18751,18608
8090,0.0767676011,0.1329329610,0.3399433494,18751,18608
8100,0.0785929188,0.1345290542,0.3396125734,18751,18608
8110,0.0794800892,0.1360244006,0.3394240141,18751,18608
8120,0.0819556713,0.1392678320,0.3391200900,18751,18608
8130,0.0825679451,0.1408680826,0.3389477432,18751,18608
8140,0.0839040950,0.1433101594,0.3385374546,18751,18608
8150,0.0843450353,0.1437527835,0.3385719359,18751,18608
8160,0.0867004246,0.1442392915,0.3373451233,18751,18608
8170,0.0875159502,0.1437632143,0.3372175395,18751,18616
8180,0.0892993137,0.1469221413,0.3367537558,18751,18616
8190,0.0903144777,0.1477997899,0.3365153372,18751,18616
8200,0.0921207443,0.1529339403,0.3357076347,18751,18616
8210,0.0930753052,0.1540448666,0.3355524540,18751,18616
8220,0.0939328447,0.1560583115,0.3351846337,18751,18616
8230,0.0956620723,0.1558525115,0.3350664675,18751,18616
8240,0.0964584276,0.1563233286,0.3349247277,18751,18616
8250,0.0981371850,0.1576409191,0.3337742686,18751,18616
8260,0.0991476923,0.1576133817,0.3335689008,18751,18616
8270,0.1014128178,0.1604201198,0.3330588341,18751,18616
8280,0.1039289013,0.1637699902,0.3324038386,18751,18616
8290,0.1048452780,0.1636491716,0.3342402279,18751,18616
8300,0.1057403535,0.1616810411,0.3343030214,18751,18616
8310,0.1064611375,0.1633014977,0.3342834413,18751,18616
8320,0.1087010726,0.1643416286,0.3340429068,18751,18616
8330,0.1107613221,0.1690833122,0.3339548409,18751,18616
8340,0.1116713360,0.1687341332,0.3355080783,18751,18616
8350,0.1133335307,0.1686374843,0.3354398310,18751,18616
8360,0.1132171527,0.1696060598,0.3356417120,18751,18616
8370,0.1157881841,0.1703238934,0.3354599178,18751,18616
8380,0.1158368364,0.1704818904,0.3352560401,18751,18616
8390,0.1194956899,0.1727529168,0.3350144625,18751,18616
8400,0.1195913702,0.1712252796,0.3352369964,18751,18616
8410,0.1225229353,0.1742939055,0.3350728750,18751,18616
8420,0.1235080734,0.1760319769,0.3351067305,18751,18616
8430,0.1253401339,0.1775675714,0.3360982537,18751,18616
8440,0.1260354519,0.1775886416,0.3362813890,18751,18616
8450,0.1285417676,0.1781223118,0.3361642063,18751,18616
8460,0.1301229596,0.1787434071,0.3361690640,18751,18616
8470,0.1316424161,0.1792553216,0.3367827833,18751,18616
8480,0.1330652237,0.1791326553,0.3368378878,18751,18616
8490,0.1345437765,0.1798754483,0.3368908763,18751,18616
8500,0.1360325813,0.1800013483,0.3369190395,18751,18616
8510,0.1376189739,0.1810894161,0.3368269801,18751,18616
8520,0.1382913142,0.1816592664,0.3369107544,18751,18616
8530,0.1408193856,0.1820789129,0.3367798626,18751,18616
8540,0.1425442100,0.1825105250,0.3367222846,18751,18616
8550,0.1452924609,0.1828644127,0.3364869654,18751,18616
8560,0.1469269693,0.1832872033,0.3353094459,18751,18616
8570,0.1467350721,0.1837257445,0.3354947269,18751,18616
8580,0.1500314325,0.1836980581,0.3351759911,18751,18616
8590,0.1514876634,0.1838065535,0.3350919187,18751,18616
8600,0.1529131383,0.1846927404,0.3348738551,18751,18616
8610,0.1542363167,0.1839385480,0.3347923458,18751,18616
8620,0.1565247327,0.1839882433,0.3345683217,18751,18616
8630,0.1580725014,0.1850693077,0.3344788849,18751,18616
8640,0.1612754464,0.1851579547,0.3340525925,18751,18616
8650,0.1618140936,0.1856091321,0.3339617848,18751,18616
8660,0.1640956700,0.1852064878,0.3337085843,18751,18616
8670,0.1655718237,0.1854428649,0.3335830569,18751,18612
8680,0.1706277132,0.1855786443,0.3328011930,18751,18612
8690,0.1702098250,0.1860328913,0.3326096237,18751,18612
8700,0.1733544022,0.1863615066,0.3321948051,18751,18612
8710,0.1746399850,0.1859969199,0.3321142197,18751,18612
8720,0.1776349545,0.1853972226,0.3316954076,18751,18612
8730,0.1779663265,0.1854539365,0.3306656778,18751,18612
8740,0.1809158176,0.1852135658,0.3302845955,18751,18612
8750,0.1819399893,0.1844176054,0.3301927745,18751,18612
8760,0.1843846291,0.1846247464,0.3298858404,18751,18612
8770,0.1842619479,0.1836712658,0.3300062716,18751,18612
8780,0.1885338426,0.1839779764,0.3295738697,18751,18612
8790,0.1896711737,0.1846432388,0.3295139670,18751,18612
8800,0.1920615882,0.1837358624,0.3292369545,18751,18612
8810,0.1931198686,0.1821127087,0.3291724026,18751,18612
8820,0.1944524944,0.1828026175,0.3294156194,18751,18612
8830,0.1966068596,0.1826846153,0.3292331994,18751,18612
8840,0.1987323761,0.1833338737,0.3290548027,18751,18612
8850,0.2015487403,0.1830915064,0.3287350833,18751,18612
8860,0.2026569694,0.1836204231,0.3288058341,18751,18612
8870,0.2051674724,0.1830798090,0.3282641172,18751,18612
8880,0.2059015334,0.1833217740,0.3283744752,18751,18612
8890,0.2081016898,0.1834482849,0.3282091916,18751,18612
8900,0.2086419612,0.1809783280,0.3284922242,18751,18612
8910,0.2108048946,0.1807640195,0.3281761408,18751,18612
8920,0.2123993337,0.1807275116,0.3281240165,18746,18612
8930,0.2157556117,0.1803271174,0.3277721405,18746,18612
8940,0.2168356776,0.1798894852,0.3278671801,18746,18612
8950,0.2195677161,0.1796276122,0.3285756409,18746,18612
8960,0.2206386179,0.1800946891,0.3286904991,18746,18612
8970,0.2233306170,0.1791151017,0.3285164535,18746,18612
8980,0.2235075682,0.1798159629,0.3289019763,18746,18612
8990,0.2266594917,0.1773540229,0.3286904693,18746,18612
9000,0.2282460779,0.1778095812,0.3296973407,18746,18612
9010,0.2312177271,0.1781875640,0.3295225203,18746,18612
9020,0.2312493622,0.1773334742,0.3299624920,18746,18612
9030,0.2323169559,0.1755745262,0.3297580779,18746,18612
9040,0.2346886694,0.1754977703,0.3282539248,18746,18612
9050,0.2362998277,0.1754519492,0.3282419145,18746,18612
9060,0.2378859073,0.1754558235,0.3282560110,18746,18612
9070,0.2394959480,0.1755829006,0.3282811344,18746,18612
9080,0.2411684245,0.1756807864,0.3282698095,18746,18612
9090,0.2429464012,0.1750915200,0.3301782012,18746,18612
9100,0.2453977466,0.1745930910,0.3300929964,18746,18612
9110,0.2464203387,0.1747092903,0.3303146064,18746,18612
9120,0.2494132817,0.1742469072,0.3301431835,18746,18612
9130,0.2511199415,0.1734601706,0.3297558129,18746,18612
9140,0.2530562878,0.1734025031,0.3298245966,18746,18612
9150,0.2546907365,0.1730709374,0.3299182355,18746,18612
9160,0.2576611936,0.1715577245,0.3297159076,18746,18612
9170,0.2586129308,0.1706445962,0.3300137520,18746,18610
9180,0.2607908547,0.1723059118,0.3300824463,18746,18610
9190,0.2623917162,0.1717865467,0.3301716149,18746,18610
9200,0.2646824419,0.1730575711,0.3301146030,18746,18610
9210,0.2662964463,0.1717950255,0.3302824497,18746,18610
9220,0.2686370313,0.1712270379,0.3305197060,18746,18610
9230,0.2703239322,0.1709948182,0.3306147158,18746,18610
9240,0.2726353109,0.1700825989,0.3305860162,18746,18610
9250,0.2729707956,0.1694976687,0.3310195804,18746,18610
9260,0.2760527432,0.1693402529,0.3316709697,18746,18610
9270,0.2777214050,0.1721169949,0.3319037855,18746,18610
9280,0.2795122564,0.1720423698,0.3320727646,18746,18610
9290,0.2800084352,0.1703266948,0.3325656056,18746,18610
9300,0.2832536399,0.1704451591,0.3326289058,18746,18610
9310,0.2851245105,0.1710062772,0.3327618241,18746,18610
9320,0.2868888080,0.1707198769,0.3329327703,18746,18610
9330,0.2886666059,0.1703333557,0.3330999911,18746,18610
9340,0.2896804214,0.1721124947,0.3334517479,18746,18610
9350,0.2914423645,0.1711367667,0.3342080414,18746,18610
9360,0.2938739061,0.1716517806,0.3342895508,18746,18610
9370,0.2962972820,0.1715495735,0.3343394399,18746,18610
9380,0.2980477810,0.1713122278,0.3345173001,18746,18610
9390,0.2998339534,0.1719236076,0.3340275586,18746,18610
9400,0.3015789688,0.1738576144,0.3341256678,18746,18610
9410,0.3046664894,0.1737540811,0.3340005279,18746,18610
9420,0.3050793707,0.1727469563,0.3344873786,18755,18610
9430,0.3081205487,0.1724247336,0.3343014717,18755,18610
9440,0.3097261190,0.1728757024,0.3342672884,18755,18610
9450,0.3114445806,0.1725321710,0.3343473077,18755,18610
9460,0.3131419122,0.1729536355,0.3344317377,18755,18610
9470,0.3154542446,0.1750143915,0.3343781829,18755,18610
9480,0.3178023696,0.1748530418,0.3353540301,18755,18610
9490,0.3201312721,0.1744347215,0.3353620172,18755,18610
9500,0.3210676312,0.1740161330,0.3356294036,18755,18610
9510,0.3240638077,0.1737866104,0.3354558051,18755,18610
9520,0.3249524832,0.1743005365,0.3358545005,18755,18610
9530,0.3272642493,0.1747661531,0.3358364999,18755,18610
9540,0.3295080364,0.1746936738,0.3358123004,18755,18610
9550,0.3327185214,0.1748122573,0.3355619013,18755,18610
9560,0.3344815373,0.1742445678,0.3356119990,18755,18610
9570,0.3361436427,0.1751597077,0.3354260027,18755,18610
9580,0.3376546204,0.1745433211,0.3354600370,18755,18610
9590,0.3390983939,0.1746571213,0.3354790211,18755,18610
9600,0.3420300186,0.1747256070,0.3352041841,18755,18610
9610,0.3429361284,0.1747359186,0.3367753327,18755,18610
9620,0.3453140259,0.1748136133,0.3367037475,18755,18610
9630,0.3477831483,0.1748837531,0.3366024792,18755,18610
9640,0.3495844007,0.1749190986,0.3366323709,18755,18610
9650,0.3520963490,0.1750475019,0.3365133107,18755,18610
9660,0.3545884192,0.1752323061,0.3362179101,18755,18610
9670,0.3555396199,0.1753569841,0.3363666236,18755,18619
9680,0.3579421043,0.1739408970,0.3362423480,18755,18619
9690,0.3595234454,0.1747293621,0.3362770975,18755,18619
9700,0.3626464903,0.1747843474,0.3367439210,18755,18619
9710,0.3642599881,0.1748968661,0.3367762864,18755,18619
9720,0.3658068478,0.1726424992,0.3368200362,18755,18619
9730,0.3680367172,0.1742037535,0.3368034363,18755,18619
9740,0.3711289167,0.1751986742,0.3364867568,18755,18619
9750,0.3722068369,0.1746392697,0.3379417658,18755,18619
9760,0.3755043149,0.1748846918,0.3376515806,18755,18619
9770,0.3764201999,0.1741490662,0.3378449678,18755,18619
9780,0.3787866831,0.1741363555,0.3376978934,18755,18619
9790,0.3811608851,0.1740543991,0.3377126455,18755,18619
9800,0.3834619224,0.1740779728,0.3375403583,18755,18619
9810,0.3851589262,0.1741250604,0.3374556005,18755,18619
9820,0.3875606060,0.1749160290,0.3372146785,18755,18619
9830,0.3876108527,0.1749531329,0.3369382322,18755,18619
9840,0.3907247782,0.1735107750,0.3366163373,18755,18619
9850,0.3937641978,0.1742356569,0.3362516463,18755,18619
9860,0.3947558999,0.1741739213,0.3362758458,18755,18619
9870,0.3980108798,0.1736004204,0.3357925415,18755,18619
9880,0.3981474340,0.1736682206,0.3352471590,18755,18619
9890,0.4013296664,0.1737260818,0.3347863555,18755,18619
9900,0.4023095071,0.1737806648,0.3346976340,18755,18619
9910,0.4047827125,0.1737585962,0.3343212605,18755,18619
9920,0.4064287543,0.1737698764,0.3333059549,18747,18619
9930,0.4088438153,0.1737871021,0.3329237700,18747,18619
9940,0.4098383784,0.1737120152,0.3327942789,18747,18619
9950,0.4130900800,0.1737791300,0.3322401941,18747,18619
9960,0.4141549170,0.1737760901,0.3321332932,18747,18619
9970,0.4167763889,0.1722944528,0.3321931958,18747,18619
9980,0.4178294837,0.1730748415,0.3320886493,18747,18619
9990,0.4211216271,0.1726555228,0.3315535188,18747,18619
10000,0.4221054316,0.1728155911,0.3314904571,18747,18619
10010,0.4252449870,0.1730420291,0.3305531144,18747,18619
10020,0.4261580110,0.1724518985,0.3304099143,18747,18619
10030,0.4285047352,0.1725694388,0.3299842179,18747,18619
10040,0.4308790267,0.1726293266,0.3295455277,18747,18619
10050,0.4324799478,0.1727036387,0.3288226426,18747,18619
10060,0.4340550900,0.1719204634,0.3285723925,18747,18619
10070,0.4370809197,0.1719586849,0.3280819058,18747,18619
10080,0.4386907518,0.1719451845,0.3278756142,18747,18619
10090,0.4417992830,0.1721120328,0.3273128867,18747,18619
10100,0.4428143799,0.1721905768,0.3292075694,18747,18619
10110,0.4436306655,0.1723192334,0.3292804360,18747,18619
10120,0.4465988278,0.1723812222,0.3290131390,18747,18619
10130,0.4472817481,0.1723559797,0.3292059302,18747,18619
10140,0.4495024681,0.1714411974,0.3294271827,18747,18619
10150,0.4519805312,0.1713256091,0.3292617798,18747,18619
10160,0.4538685083,0.1706487834,0.3291766942,18747,18619
10170,0.4558020830,0.1708466858,0.3291099370,18747,18621
10180,0.4577414691,0.1718553454,0.3290553093,18747,18621
10190,0.4596574903,0.1720854491,0.3289867938,18747,18621
10200,0.4622361064,0.1722659767,0.3287910223,18747,18621
10210,0.4639648497,0.1716333777,0.3287815154,18747,18621
10220,0.4663445055,0.1715581864,0.3285923302,18747,18621
10230,0.4679141045,0.1713393778,0.3280005455,18747,18621
10240,0.4700389802,0.1717925817,0.3278832436,18747,18621
10250,0.4722444117,0.1722771674,0.3277447522,18747,18621
10260,0.4744501710,0.1706490666,0.3276356459,18747,18621
10270,0.4759823084,0.1704826355,0.3281745017,18747,18621
10280,0.4782392979,0.1711755693,0.3280922472,18747,18621
10290,0.4798948765,0.1706402153,0.3280892968,18747,18621
10300,0.4815766513,0.1716771573,0.3280985057,18747,18621
10310,0.4833289385,0.1720690280,0.3280696869,18747,18621
10320,0.4857736528,0.1724313349,0.3271265626,18747,18621
10330,0.4876450300,0.1727087349,0.3270494342,18747,18621
10340,0.4901087880,0.1726576090,0.3268889487,18747,18621
10350,0.4918619990,0.1723900586,0.3269001842,18747,18621
10360,0.4929447770,0.1720489562,0.3281896710,18747,18621
10370,0.4953104556,0.1716321856,0.3280869126,18747,18621
10380,0.4962269366,0.1719318032,0.3282480538,18747,18621
10390,0.4998999238,0.1732398272,0.3278917074,18747,18621
10400,0.5009121299,0.1731574833,0.3281073868,18747,18621
10410,0.5034416914,0.1732101142,0.3295500875,18747,18621
10420,0.5052835345,0.1725548059,0.3296141922,18747,18621
10430,0.5071502924,0.1725963354,0.3296619952,18751,18621
10440,0.5089945197,0.1725918651,0.3297165334,18751,18621
10450,0.5107962489,0.1726166904,0.3298663497,18751,18621
10460,0.5125290155,0.1726837456,0.3299322724,18751,18621
10470,0.5156182051,0.1728325784,0.3297272027,18751,18621
10480,0.5166102648,0.1729016006,0.3299722075,18751,18621
10490,0.5196654797,0.1729819030,0.3302046955,18751,18621
10500,0.5219582319,0.1737829894,0.3301784694,18751,18621
10510,0.5236085057,0.1738080382,0.3302801549,18751,18621
10520,0.5244636536,0.1737267673,0.3305589259,18751,18621
10530,0.5274500251,0.1737135649,0.3303379416,18751,18621
10540,0.5282928944,0.1735918373,0.3299864829,18751,18621
10550,0.5313568115,0.1734383553,0.3297451138,18751,18621
10560,0.5315685272,0.1740287393,0.3300449252,18751,18621
10570,0.5353714824,0.1733467579,0.3296333849,18751,18621
10580,0.5371407866,0.1734549999,0.3305153847,18751,18621
10590,0.5402083993,0.1742652506,0.3302603066,18751,18621
10600,0.5404967070,0.1743302494,0.3305799365,18751,18621
10610,0.5434489250,0.1744092703,0.3303085268,18751,18621
10620,0.5450041294,0.1744483709,0.3303168714,18751,18621
10630,0.5466076732,0.1737928540,0.3305371404,18751,18621
10640,0.5496469140,0.1744735837,0.3302517831,18751,18621
10650,0.5513151884,0.1743457466,0.3302043378,18751,18621
10660,0.5536768436,0.1751095057,0.3299658895,18751,18621
10670,0.5551930666,0.1750638783,0.3291738331,18751,18620
10680,0.5575946569,0.1750828922,0.3289021850,18751,18620
10690,0.5592239499,0.1746197343,0.3287745118,18751,18620
10700,0.5629402995,0.1761360317,0.3281780183,18751,18620
10710,0.5629138350,0.1755325496,0.3279855847,18751,18620
10720,0.5658226013,0.1762085110,0.3275690675,18751,18620
10730,0.5673338175,0.1761466861,0.3273999989,18751,18620
10740,0.5703404546,0.1768115014,0.3269147575,18751,18620
10750,0.5712394714,0.1766560972,0.3269630373,18751,18620
10760,0.5736424327,0.1764848083,0.3267816603,18751,18620
10770,0.5752782226,0.1770295948,0.3266266286,18751,18620
10780,0.5776423812,0.1769061983,0.3263376653,18751,18620
10790,0.5785860419,0.1768165231,0.3263440728,18751,18620
10800,0.5824477077,0.1775254607,0.3258184195,18751,18620
10810,0.5848940015,0.1775506586,0.3254938722,18751,18620
10820,0.5865995288,0.1776091605,0.3253345490,18751,18620
10830,0.5881941319,0.1777190268,0.3252007067,18751,18620
10840,0.5904214382,0.1778620631,0.3248981535,18751,18620
10850,0.5918779969,0.1780162156,0.3244881332,18751,18620
10860,0.5962352753,0.1782313436,0.3238261044,18751,18620
10870,0.5977880359,0.1785649955,0.3237048984,18751,18620
10880,0.6000359654,0.1786472648,0.3234076500,18751,18620
10890,0.6009046435,0.1772950441,0.3241099715,18751,18620
10900,0.6023834944,0.1779734939,0.3240127861,18751,18620
10910,0.6059790254,0.1780612469,0.3235343397,18751,18620
10920,0.6067317724,0.1779787093,0.3236366510,18755,18620
10930,0.6105303764,0.1779162884,0.3241553009,18755,18620
10940,0.6115351915,0.1782963574,0.3242250383,18755,18620
10950,0.6132864356,0.1785327345,0.3241426647,18755,18620
10960,0.6157509685,0.1790417731,0.3239096403,18755,18620
10970,0.6175215244,0.1786453873,0.3238526583,18755,18620
10980,0.6199592948,0.1788492501,0.3237639666,18755,18620
10990,0.6224384904,0.1790789962,0.3235501051,18755,18620
11000,0.6241458654,0.1793271005,0.3235020936,18755,18620
11010,0.6257038713,0.1803037971,0.3234735727,18755,18620
11020,0.6272536516,0.1796741933,0.3237059414,18755,18620
11030,0.6301867366,0.1797560304,0.3234554827,18755,18620
11040,0.6317716837,0.1794541478,0.3234562874,18755,18620
11050,0.6340552568,0.1798046976,0.3232961297,18755,18620
11060,0.6357387304,0.1797749549,0.3232756555,18755,18620
11070,0.6382450461,0.1798314452,0.3241500556,18755,18620
11080,0.6400024295,0.1799845546,0.3241395354,18755,18620
11090,0.6418098211,0.1801863164,0.3241184652,18755,18620
11100,0.6443135738,0.1804860681,0.3239265382,18755,18620
11110,0.6473480463,0.1809079796,0.3225376606,18755,18620
11120,0.6483352780,0.1811229289,0.3226093352,18755,18620
11130,0.6512864828,0.1813477129,0.3222570419,18755,18620
11140,0.6528249383,0.1815084070,0.3222325444,18755,18620
11150,0.6534523368,0.1813774705,0.3211352527,18755,18620
11160,0.6575894356,0.1812791973,0.3205794990,18755,18620
11170,0.6582735777,0.1824917346,0.3206498623,18755,18620
11180,0.6605526209,0.1824222654,0.3203759491,18755,18613
11190,0.6621835828,0.1822864115,0.3202425241,18755,18613
11200,0.6653324962,0.1825457811,0.3202163279,18755,18613
11210,0.6671340466,0.1829185486,0.3200236857,18755,18613
11220,0.6704049110,0.1831217408,0.3195070624,18755,18613
11230,0.6715091467,0.1832262874,0.3195471168,18755,18613
11240,0.6741029024,0.1834002733,0.3210092187,18755,18613
11250,0.6757526994,0.1833217591,0.3209716082,18755,18613
11260,0.6786093116,0.1833266616,0.3206773996,18755,18613
11270,0.6794001460,0.1825823784,0.3209113479,18755,18613
11280,0.6821858287,0.1839418262,0.3207760751,18755,18613
11290,0.6835461259,0.1838042438,0.3208287656,18755,18613
11300,0.6863037348,0.1836965382,0.3206221163,18755,18613
11310,0.6877322197,0.1836500913,0.3206986785,18755,18613
11320,0.6899533272,0.1830745488,0.3205962181,18755,18613
11330,0.6923063397,0.1833864599,0.3206685483,18755,18613
11340,0.6933807135,0.1836167723,0.3207793236,18755,18613
11350,0.6953209639,0.1847678274,0.3207018375,18755,18613
11360,0.6979782581,0.1850318164,0.3204886913,18755,18613
11370,0.6999095678,0.1846270710,0.3191582263,18755,18613
11380,0.7026174664,0.1839571595,0.3189306259,18755,18613
11390,0.7044405341,0.1839096099,0.3188744485,18755,18613
11400,0.7047007680,0.1837206036,0.3192306161,18755,18613
11410,0.7082355022,0.1851508021,0.3188047111,18755,18613
11420,0.7097804546,0.1851119250,0.3204644322,18741,18613
11430,0.7126498222,0.1851550490,0.3203010559,18741,18613
11440,0.7141497135,0.1851597577,0.3204521239,18741,18613
11450,0.7157916427,0.1852006465,0.3205563426,18741,18613
11460,0.7181109190,0.1853453368,0.3198836446,18741,18613
11470,0.7205234170,0.1854467839,0.3197611868,18741,18613
11480,0.7222460508,0.1854984611,0.3197977245,18741,18613
11490,0.7239243984,0.1855400950,0.3198447526,18741,18613
11500,0.7263557911,0.1863509715,0.3217180669,18741,18613
11510,0.7293737531,0.1865499169,0.3215945065,18741,18613
11520,0.7302821279,0.1872685254,0.3219189942,18741,18613
11530,0.7332051992,0.1872475296,0.3217974007,18741,18613
11540,0.7347434163,0.1871213317,0.3220243454,18741,18613
11550,0.7375658154,0.1876552403,0.3207035065,18741,18613
11560,0.7390994430,0.1874555647,0.3208187819,18741,18613
11570,0.7419781685,0.1880856752,0.3206292391,18741,18613
11580,0.7435484529,0.1886019856,0.3207628131,18741,18613
11590,0.7464996576,0.1891571432,0.3218518198,18741,18613
11600,0.7479469180,0.1891764104,0.3220406175,18741,18613
11610,0.7501967549,0.1900416166,0.3220360577,18741,18613
11620,0.7504801750,0.1901573241,0.3225224018,18741,18613
11630,0.7534809709,0.1901919842,0.3223855197,18741,18613
11640,0.7566344738,0.1901497692,0.3220788240,18741,18613
11650,0.7583985925,0.1900686771,0.3221647739,18741,18613
11660,0.7601760626,0.1914033145,0.3222279549,18741,18613
11670,0.7610856891,0.1918400824,0.3225051761,18741,18613
11680,0.7634259462,0.1929761320,0.3222466111,18741,18602
11690,0.7664317489,0.1926584393,0.3220932186,18741,18602
11700,0.7680236697,0.1931147724,0.3221637309,18741,18602
11710,0.7696672678,0.1928471923,0.3222342730,18741,18602
11720,0.7718976736,0.1939879507,0.3220863044,18741,18602
11730,0.7742024064,0.1948525906,0.3219808340,18741,18602
11740,0.7764974236,0.1954272389,0.3218663931,18741,18602
11750,0.7780345082,0.1953799874,0.3219344020,18741,18602
11760,0.7809789777,0.1957392991,0.3216365576,18741,18602
11770,0.7818827033,0.1954823583,0.3223379254,18741,18602
11780,0.7850286365,0.1966795772,0.3220885396,18741,18602
11790,0.7858566642,0.1968915612,0.3223060071,18741,18602
11800,0.7895025015,0.1968367100,0.3219142258,18741,18602
11810,0.7903784513,0.1971606463,0.3224915266,18741,18602
11820,0.7935040593,0.1983049512,0.3222360909,18741,18602
11830,0.7944030166,0.1982717961,0.3224217296,18741,18602
11840,0.7976167202,0.1985439062,0.3221041262,18741,18602
11850,0.8000883460,0.1993570626,0.3219147623,18741,18602
11860,0.8017110229,0.1994298398,0.3219897449,18741,18602
11870,0.8039475083,0.1992341727,0.3218596280,18741,18602
11880,0.8060659766,0.1993008256,0.3217209578,18741,18602
11890,0.8082005978,0.1997804344,0.3215720654,18741,18602
11900,0.8111764789,0.2005299926,0.3222642541,18741,18602
11910,0.8125774264,0.2006025314,0.3223201036,18741,18602
11920,0.8139673471,0.2006249130,0.3223775327,18734,18602
11930,0.8161457777,0.2020181865,0.3222819567,18734,18602
11940,0.8169629574,0.2023279816,0.3215541542,18734,18602
11950,0.8215505481,0.2020202130,0.3211046159,18734,18602
11960,0.8219055533,0.2021161020,0.3213804066,18734,18602
11970,0.8266178966,0.2016465068,0.3207280040,18734,18602
11980,0.8268740177,0.2021062821,0.3211690784,18734,18602
11990,0.8290356994,0.2035307288,0.3198209107,18734,18602
12000,0.8304161429,0.2038290650,0.3197527826,18734,18602
12010,0.8332604170,0.2034671456,0.3194185495,18734,18602
12020,0.8346740007,0.2035232633,0.3193588257,18734,18602
12030,0.8383463621,0.2032242417,0.3192288280,18734,18602
12040,0.8391888738,0.2039977461,0.3192791939,18734,18602
12050,0.8415356874,0.2041940093,0.3190346956,18734,18602
12060,0.8438806534,0.2043703049,0.3187865019,18734,18602
12070,0.8471185565,0.2035630941,0.3204522431,18734,18602
12080,0.8479970098,0.2040412724,0.3206235468,18734,18602
12090,0.8504832983,0.2040196061,0.3205157220,18734,18602
12100,0.8520253897,0.2040082216,0.3205746710,18734,18602
12110,0.8551361561,0.2038343549,0.3202621639,18734,18602
12120,0.8567085862,0.2070243210,0.3210206926,18734,18602
12130,0.8599729538,0.2069275826,0.3208042085,18734,18602
12140,0.8623132706,0.2070374936,0.3206845820,18734,18602
12150,0.8639050126,0.2071714848,0.3207424879,18734,18602
12160,0.8654215336,0.2072076797,0.3220750093,18734,18602
12170,0.8694021702,0.2067293823,0.3218063414,18734,18606
12180,0.8708801866,0.2072711736,0.3219310641,18734,18606
12190,0.8716165423,0.2071085125,0.3222381175,18734,18606
12200,0.8741095662,0.2067462802,0.3220969439,18734,18606
12210,0.8767051101,0.2082794309,0.3220349550,18734,18606
12220,0.8800826669,0.2079699337,0.3217905760,18734,18606
12230,0.8804478049,0.2075589895,0.3222139776,18734,18606
12240,0.8846422434,0.2073384672,0.3217043579,18734,18606
12250,0.8855515718,0.2081607282,0.3219998181,18734,18606
12260,0.8872878551,0.2084355801,0.3219925165,18734,18606
12270,0.8888666630,0.2085504383,0.3220117390,18734,18606
12280,0.8928903937,0.2076161206,0.3214905858,18734,18606
12290,0.8945143819,0.2078784853,0.3208982348,18734,18606
12300,0.8976479769,0.2082153261,0.3205545843,18734,18606
12310,0.8982027769,0.2079267353,0.3207627237,18734,18606
12320,0.9012312889,0.2088756561,0.3203610480,18734,18606
12330,0.9017177224,0.2090613693,0.3205959201,18734,18606
12340,0.9054396152,0.2096657306,0.3211610913,18734,18606
12350,0.9053698182,0.2088038623,0.3214935362,18734,18606
12360,0.9084689021,0.2094058096,0.3211809695,18734,18606
12370,0.9100755453,0.2091152072,0.3211372793,18734,18606
12380,0.9134356380,0.2107023150,0.3198843300,18734,18606
12390,0.9145286679,0.2105809748,0.3198621273,18734,18606
12400,0.9170305133,0.2106167078,0.3195418715,18734,18606
12410,0.9187386036,0.2108355463,0.3193956316,18734,18606
12420,0.9212642908,0.2122873366,0.3185799122,18732,18606
12430,0.9221990108,0.2123623043,0.3185330629,18732,18606
12440,0.9229521155,0.2121511698,0.3185245097,18732,18606
12450,0.9260777831,0.2118414193,0.3180834651,18732,18606
12460,0.9269289970,0.2115232944,0.3181164265,18732,18606
12470,0.9309082031,0.2119706720,0.3184207082,18732,18606
12480,0.9319130182,0.2117068321,0.3184895217,18732,18606
12490,0.9344063401,0.2115993500,0.3182410002,18732,18606
12500,0.9354017973,0.2124469876,0.3183642924,18732,18606
12510,0.9386802316,0.2133403569,0.3183545470,18732,18606
12520,0.9396058321,0.2136025280,0.3184525371,18732,18606
12530,0.9427673817,0.2137453109,0.3181184828,18732,18606
12540,0.9443541169,0.2130372971,0.3181402981,18732,18606
12550,0.9457621574,0.2129885852,0.3181869984,18732,18606
12560,0.9487022161,0.2128298730,0.3191277683,18732,18606
12570,0.9516475201,0.2126654983,0.3189013898,18732,18606
12580,0.9530781507,0.2126187682,0.3190127313,18732,18606
12590,0.9544267058,0.2125094235,0.3191338778,18732,18606
12600,0.9559134841,0.2132147998,0.3195371628,18732,18606
12610,0.9589430094,0.2155654132,0.3193444610,18732,18606
12620,0.9589113593,0.2136038244,0.3198975623,18732,18606
12630,0.9628126621,0.2143532634,0.3195272982,18732,18606
12640,0.9645401835,0.2151263356,0.3189090788,18732,18606
12650,0.9670227170,0.2149341553,0.3187611997,18732,18606
12660,0.9672773480,0.2149140984,0.3190611303,18732,18606
12670,0.9705698490,0.2147137970,0.3187357485,18732,18594
12680,0.9729650617,0.2168678641,0.3185462058,18732,18594
12690,0.9744197726,0.2179061174,0.3174381852,18732,18594
12700,0.9759904146,0.2175608128,0.3173976541,18732,18594
12710,0.9773591757,0.2172163427,0.3173817694,18732,18594
12720,0.9803899527,0.2180946469,0.3169776797,18732,18594
12730,0.9820675254,0.2187275887,0.3185929656,18732,18594
12740,0.9851819277,0.2182655185,0.3183306158,18732,18594
12750,0.9860124588,0.2181454450,0.3184916079,18732,18594
12760,0.9875914454,0.2180508673,0.3184444606,18732,18594
12770,0.9899597168,0.2178755403,0.3181908429,18732,18594
12780,0.9924990535,0.2178920358,0.3186811805,18732,18594
12790,0.9942126870,0.2202127427,0.3186751008,18732,18594
12800,0.9966416955,0.2189181149,0.3185438514,18732,18594
12810,0.9989457130,0.2190346122,0.3183676600,18732,18594
12820,1.0005415678,0.2199262083,0.3181693256,18732,18594
12830,1.0020500422,0.2191898376,0.3181378841,18732,18594
12840,1.0042371750,0.2190651149,0.3179530799,18732,18594
12850,1.0063840151,0.2188827246,0.3177781105,18732,18594
12860,1.0093356371,0.2186679095,0.3172198236,18732,18594
12870,1.0100502968,0.2187481225,0.3173171282,18732,18594
12880,1.0123649836,0.2187848538,0.3171011508,18732,18594
12890,1.0138874054,0.2190070599,0.3170546591,18732,18594
12900,1.0177567005,0.2183423042,0.3164756000,18732,18594
12910,1.0193319321,0.2186681181,0.3170605600,18732,18594
12920,1.0223839283,0.2180875838,0.3167266548,18730,18594
12930,1.0222760439,0.2178362757,0.3171371222,18730,18594
12940,1.0253343582,0.2179480642,0.3168168664,18730,18594
12950,1.0269628763,0.2167308927,0.3177058399,18730,18594
12960,1.0284618139,0.2169551849,0.3177542984,18730,18594
12970,1.0316014290,0.2178222984,0.3175475299,18730,18594
12980,1.0331311226,0.2180802673,0.3176300824,18730,18594
12990,1.0347083807,0.2175745368,0.3177074194,18730,18594
13000,1.0362936258,0.2162822634,0.3187103868,18730,18594
13010,1.0401995182,0.2163877934,0.3184579313,18730,18594
13020,1.0417171717,0.2151736319,0.3186338842,18730,18594
13030,1.0447032452,0.2150994092,0.3184838593,18730,18594
13040,1.0447821617,0.2144104838,0.3203594089,18730,18594
13050,1.0477355719,0.2145132422,0.3203684688,18730,18594
13060,1.0507061481,0.2133560926,0.3202746212,18730,18594
13070,1.0521656275,0.2130020261,0.3205686212,18730,18594
13080,1.0536100864,0.2126942128,0.3205123544,18730,18594
13090,1.0565940142,0.2116208375,0.3204432428,18730,18594
13100,1.0573703051,0.2112961113,0.3207985759,18730,18594
13110,1.0612611771,0.2116895765,0.3205584884,18730,18594
13120,1.0629523993,0.2120562941,0.3207671046,18730,18594
13130,1.0654146671,0.2108644098,0.3208837211,18730,18594
13140,1.0663059950,0.2110151201,0.3212192059,18730,18594
13150,1.0684839487,0.2095753998,0.3212600946,18730,18594
13160,1.0706394911,0.2102308124,0.3213279247,18730,18594
13170,1.0728237629,0.2101326734,0.3211903870,18730,18593
13180,1.0750666857,0.2102127373,0.3211753070,18730,18593
13190,1.0764899254,0.2101119906,0.3213188946,18730,18593
13200,1.0772897005,0.2091083825,0.3215844333,18730,18593
13210,1.0788892508,0.2090423107,0.3216590285,18730,18593
13220,1.0835919380,0.2104317248,0.3201791048,18730,18593
13230,1.0854268074,0.2094813138,0.3201349378,18730,18593
13240,1.0879807472,0.2101831436,0.3198916614,18730,18593
13250,1.0889730453,0.2097971588,0.3200568855,18730,18593
13260,1.0913481712,0.2096680552,0.3206375539,18730,18593
13270,1.0920528173,0.2090398073,0.3207763135,18730,18593
13280,1.0956985950,0.2091089189,0.3203478754,18730,18593
13290,1.0978932381,0.2087450027,0.3201742470,18730,18593
13300,1.1000463963,0.2093065232,0.3191922903,18730,18593
13310,1.1014742851,0.2088660151,0.3190917969,18730,18593
13320,1.1044231653,0.2089693248,0.3186799884,18730,18593
13330,1.1059561968,0.2089214772,0.3185746670,18730,18593
13340,1.1082966328,0.2097152025,0.3182635009,18730,18593
13350,1.1106141806,0.2097577304,0.3174430430,18730,18593
13360,1.1128237247,0.2088025063,0.3171552122,18730,18593
13370,1.1136050224,0.2083054632,0.3171723485,18730,18593
13380,1.1165729761,0.2081702948,0.3166626692,18730,18593
13390,1.1181491613,0.2084368765,0.3167089522,18730,18593
13400,1.1205186844,0.2089060545,0.3163757324,18730,18593
13410,1.1221138239,0.2092256546,0.3161878884,18730,18593
13420,1.1237132549,0.2089133561,0.3159944713,18725,18593
13430,1.1253982782,0.2087649256,0.3157798946,18725,18593
13440,1.1285139322,0.2087346464,0.3133326173,18725,18593
13450,1.1301902533,0.2084652483,0.3130190372,18725,18593
13460,1.1317795515,0.2083619386,0.3127300739,18725,18593
13470,1.1340169907,0.2089370936,0.3122978806,18725,18593
13480,1.1347297430,0.2086394280,0.3124135733,18725,18593
13490,1.1376540661,0.2086265236,0.3119079471,18725,18593
13500,1.1391886473,0.2085723430,0.3116564751,18725,18593
13510,1.1430637836,0.2086824775,0.3108865917,18725,18593
13520,1.1439553499,0.2069924027,0.3117488623,18725,18593
13530,1.1463917494,0.2078491151,0.3114269972,18725,18593
13540,1.1480306387,0.2077848911,0.3112369180,18725,18593
13550,1.1503405571,0.2078277618,0.3109068573,18725,18593
13560,1.1518245935,0.2078222781,0.3107953072,18725,18593
13570,1.1554187536,0.2080458552,0.3087027371,18725,18593
13580,1.1568049192,0.2081036568,0.3085390925,18725,18593
13590,1.1588667631,0.2070884109,0.3082253337,18725,18593
13600,1.1594499350,0.2074779123,0.3083147109,18725,18593
13610,1.1624341011,0.2073348463,0.3082782030,18725,18593
13620,1.1639364958,0.2073112577,0.3080908060,18725,18593
13630,1.1668863297,0.2065104097,0.3076251745,18725,18593
13640,1.1684598923,0.2069035918,0.3075011671,18725,18593
13650,1.1707786322,0.2070740610,0.3071819842,18725,18593
13660,1.1724290848,0.2064242363,0.3081946373,18725,18593
13670,1.1747061014,0.2056378722,0.3079799414,18725,18593
13680,1.1754664183,0.2040060312,0.3080807030,18725,18598
13690,1.1784886122,0.2040628344,0.3077613711,18725,18598
13700,1.1791691780,0.2040084600,0.3071619272,18725,18598
13710,1.1806643009,0.2042495012,0.3071187139,18725,18598
13720,1.1830148697,0.2037107348,0.3069083989,18725,18598
13730,1.1846991777,0.2032006234,0.3068264425,18725,18598
13740,1.1880207062,0.2034235299,0.3078581989,18725,18598
13750,1.1884083748,0.2036458999,0.3081578314,18725,18598
13760,1.1916203499,0.2038535178,0.3079157174,18725,18598
13770,1.1919168234,0.2031584978,0.3083428144,18725,18598
13780,1.1950091124,0.2029299885,0.3080939651,18725,18598
13790,1.1966819763,0.2027118057,0.3089649081,18725,18598
13800,1.1989741325,0.2021141350,0.3089557588,18725,18598
13810,1.2012903690,0.2019889653,0.3089373410,18725,18598
13820,1.2035806179,0.2020336986,0.3089182973,18725,18598
13830,1.2037152052,0.2019763738,0.3101620078,18725,18598
13840,1.2080824375,0.2007739544,0.3098720610,18725,18598
13850,1.2089333534,0.2009320706,0.3102915287,18725,18598
13860,1.2118952274,0.2017124444,0.3101860583,18725,18598
13870,1.2132977247,0.2012098879,0.3104869127,18725,18598
13880,1.2164047956,0.2012014985,0.3122690022,18725,18598
13890,1.2171468735,0.2011390328,0.3127661347,18725,18598
13900,1.2200825214,0.2012906373,0.3127481341,18725,18598
13910,1.2215708494,0.2012363523,0.3130780160,18725,18598
13920,1.2239871025,0.2011850476,0.3143787682,18723,18598
13930,1.2255872488,0.2009618729,0.3147116303,18723,18598
13940,1.2272176743,0.2014064938,0.3150196373,18723,18598
13950,1.2287466526,0.2012194842,0.3153360486,18723,18598
13960,1.2309997082,0.2004857808,0.3140620887,18723,18598
13970,1.2341275215,0.2005723864,0.3139715195,18723,18598
13980,1.2351127863,0.2003667653,0.3142979145,18723,18598
13990,1.2367175817,0.2002539486,0.3144547045,18723,18598
14000,1.2374927998,0.1993946731,0.3147752285,18723,18598
14010,1.2411950827,0.1997198761,0.3154777288,18723,18598
14020,1.2427731752,0.1989313215,0.3155781627,18723,18598
14030,1.2459338903,0.1997732222,0.3153736591,18723,18598
14040,1.2468812466,0.1996388584,0.3156849742,18723,18598
14050,1.2493313551,0.1997257769,0.3157344460,18723,18598
14060,1.2509301901,0.1996202022,0.3157955706,18723,18598
14070,1.2531751394,0.1996514797,0.3157093823,18723,18598
14080,1.2546269894,0.1995682865,0.3157880008,18723,18598
14090,1.2583178282,0.1996120661,0.3153266013,18723,18598
14100,1.2598385811,0.1994677186,0.3160600662,18723,18598
14110,1.2612589598,0.1990986913,0.3161363006,18723,18598
14120,1.2632925510,0.1997355074,0.3160714805,18723,18598
14130,1.2654092312,0.1995343268,0.3159626722,18723,18598
14140,1.2676445246,0.1998123825,0.3158405125,18723,18598
14150,1.2714071274,0.2002249211,0.3154018819,18723,18598
14160,1.2712934017,0.1999381483,0.3158662021,18723,18598
14170,1.2741619349,0.2001596838,0.3155573905,18723,18581
14180,1.2754831314,0.1999033093,0.3149549365,18723,18581
14190,1.2791721821,0.1999158561,0.3144892454,18723,18581
14200,1.2814186811,0.2004726231,0.3142466545,18723,18581
14210,1.2828524113,0.2000342458,0.3142138422,18723,18581
14220,1.2843313217,0.1998055577,0.3141487837,18723,18581
14230,1.2857692242,0.1996601969,0.3147861958,18723,18581
14240,1.2887015343,0.1995466202,0.3144372106,18723,18581
14250,1.2901214361,0.1993738264,0.3143697381,18723,18581
14260,1.2932149172,0.2010298669,0.3139754832,18723,18581
14270,1.2946852446,0.2011261731,0.3135004640,18723,18581
14280,1.2969459295,0.2012075484,0.3132607639,18723,18581
14290,1.2983580828,0.2012174278,0.3131922781,18723,18581
14300,1.3013079166,0.2010361403,0.3127971888,18723,18581
14310,1.3029110432,0.2007311285,0.3132496178,18723,18581
14320,1.3059251308,0.2005254477,0.3129069805,18723,18581
14330,1.3067131042,0.2001056820,0.3130053580,18723,18581
14340,1.3096994162,0.2014202029,0.3126539290,18723,18581
14350,1.3104850054,0.2011330426,0.3128067553,18723,18581
14360,1.3150097132,0.2009911239,0.3118907809,18723,18581
14370,1.3165403605,0.2009026110,0.3117802739,18723,18581
14380,1.3178913593,0.2006905228,0.3117046654,18723,18581
14390,1.3191953897,0.2015826702,0.3116578162,18723,18581
14400,1.3227962255,0.2016880661,0.3114391863,18723,18581
14410,1.3241659403,0.2016902715,0.3113688231,18723,18581
14420,1.3271578550,0.2016795874,0.3109720945,18723,18581
14430,1.3270678520,0.2017871886,0.3113018870,18720,18581
14440,1.3301342726,0.2016882598,0.3109001517,18720,18581
14450,1.3318914175,0.2007261068,0.3124765456,18720,18581
14460,1.3334974051,0.2013126463,0.3124755919,18720,18581
14470,1.3366245031,0.2017782629,0.3121736348,18720,18581
14480,1.3376187086,0.2013803720,0.3123522401,18720,18581
14490,1.3387163877,0.2014745325,0.3122670650,18720,18581
14500,1.3404985666,0.2017149329,0.3122175038,18720,18581
14510,1.3439010382,0.2017382234,0.3118734658,18720,18581
14520,1.3464955091,0.2017712593,0.3116203547,18720,18581
14530,1.3482532501,0.2019312829,0.3125690520,18720,18581
14540,1.3506839275,0.2019683868,0.3124164343,18720,18581
14550,1.3529759645,0.2027258277,0.3122811913,18720,18581
14560,1.3536188602,0.2027670145,0.3125847578,18720,18581
14570,1.3571789265,0.2024660259,0.3121584654,18720,18581
14580,1.3585027456,0.2022189498,0.3117516339,18720,18581
14590,1.3606593609,0.2026943117,0.3116347790,18720,18581
14600,1.3628916740,0.2024837285,0.3115103543,18720,18581
14610,1.3651880026,0.2031677514,0.3113778830,18720,18581
14620,1.3668069839,0.2030557692,0.3124931753,18720,18581
14630,1.3699073792,0.2035414428,0.3122734427,18720,18581
14640,1.3715205193,0.2034679204,0.3123544753,18720,18581
14650,1.3730351925,0.2033838183,0.3124595284,18720,18581
14660,1.3753068447,0.2032541186,0.3123714924,18720,18581
14670,1.3781719208,0.2029323280,0.3116182983,18720,18589
14680,1.3788664341,0.2045351714,0.3118700683,18720,18589
14690,1.3802822828,0.2045551538,0.3119301498,18720,18589
14700,1.3825020790,0.2044688910,0.3118226826,18720,18589
14710,1.3832764626,0.2045216709,0.3128368556,18720,18589
14720,1.3864852190,0.2041018009,0.3126575351,18720,18589
14730,1.3881683350,0.2039923221,0.3126936555,18720,18589
14740,1.3915170431,0.2043324113,0.3123638332,18720,18589
14750,1.3933609724,0.2043119967,0.3126257062,18720,18589
14760,1.3952106237,0.2050035000,0.3126237988,18720,18589
14770,1.3960851431,0.2052711397,0.3128268421,18720,18589
14780,1.3984087706,0.2044990659,0.3127134144,18720,18589
14790,1.4013926983,0.2043396533,0.3123986125,18720,18589
14800,1.4036368132,0.2050623298,0.3112904429,18720,18589
14810,1.4035136700,0.2053983212,0.3116520941,18720,18589
14820,1.4064176083,0.2051468790,0.3113903105,18720,18589
14830,1.4077948332,0.2051824182,0.3114227653,18720,18589
14840,1.4107413292,0.2048633695,0.3097527325,18720,18589
14850,1.4122710228,0.2041311562,0.3096055090,18720,18589
14860,1.4154518843,0.2045969814,0.3091472089,18720,18589
14870,1.4171086550,0.2047588527,0.3090136349,18720,18589
14880,1.4188517332,0.2048065513,0.3088556528,18720,18589
14890,1.4204369783,0.2056635022,0.3079000115,18720,18589
14900,1.4226658344,0.2056675255,0.3075721562,18720,18589
14910,1.4247007370,0.2034805268,0.3073209226,18720,18589
14920,1.4275137186,0.2032672167,0.3068449497,18720,18589
14930,1.4297217131,0.2045113146,0.3074887395,18722,18589
14940,1.4319096804,0.2043707818,0.3072272837,18722,18589
14950,1.4325397015,0.2038394362,0.3073550761,18722,18589
14960,1.4339683056,0.2038926333,0.3072798848,18722,18589
14970,1.4377737045,0.2035451531,0.3080331087,18722,18589
14980,1.4385869503,0.2037565261,0.3081455231,18722,18589
14990,1.4415580034,0.2042370290,0.3078552783,18722,18589
15000,1.4429954290,0.2044139206,0.3078884184,18722,18589
15010,1.4460717440,0.2042389512,0.3075201213,18722,18589
15020,1.4459460974,0.2011125684,0.3076410294,18722,18589
15030,1.4505118132,0.2027166337,0.3073467612,18722,18589
15040,1.4511921406,0.2028708905,0.3076376617,18722,18589
15050,1.4541056156,0.2025806606,0.3073425293,18722,18589
15060,1.4554492235,0.2027630806,0.3068378568,18722,18589
15070,1.4576755762,0.2027228624,0.3066937625,18722,18589
15080,1.4584550858,0.2009124160,0.3068460822,18722,18589
15090,1.4622874260,0.2008329034,0.3063845336,18722,18589
15100,1.4639302492,0.2011401504,0.3078971207,18722,18589
15110,1.4648703337,0.2007363141,0.3080812395,18722,18589
15120,1.4673777819,0.2023563236,0.3080174923,18722,18589
15130,1.4704211950,0.2001797110,0.3078276515,18722,18589
15140,1.4727016687,0.2001526952,0.3077524900,18722,18589
15150,1.4748978615,0.1999409795,0.3078047931,18722,18589
15160,1.4771378040,0.2005124390,0.3077737093,18722,18589
15170,1.4799373150,0.2003515959,0.3075734973,18722,18592
15180,1.4818755388,0.2002941370,0.3076041937,18722,18592
15190,1.4846960306,0.2001862973,0.3088112175,18722,18592
15200,1.4858442545,0.2000661790,0.3090896904,18722,18592
15210,1.4863880873,0.2000867426,0.3094784021,18722,18592
15220,1.4898023605,0.1991473883,0.3092474937,18722,18592
15230,1.4911652803,0.1990630925,0.3094862103,18722,18592
15240,1.4941750765,0.1988708973,0.3091416359,18722,18592
15250,1.4959166050,0.1987951398,0.3092153966,18722,18592
15260,1.4984308481,0.1979983300,0.3090961874,18722,18592
15270,1.4995214939,0.1979850382,0.3093880713,18722,18592
15280,1.5019729137,0.1980573982,0.3104346991,18722,18592
15290,1.5036343336,0.1981194615,0.3106023073,18722,18592
15300,1.5074757338,0.1982351542,0.3102826178,18722,18592
15310,1.5083737373,0.1983284503,0.3107127845,18722,18592
15320,1.5112677813,0.1975405514,0.3103321791,18722,18592
15330,1.5126810074,0.1982073039,0.3105562627,18722,18592
15340,1.5155551434,0.1981024891,0.3104302883,18722,18592
15350,1.5176649094,0.1971585453,0.3104645312,18722,18592
15360,1.5197541714,0.1976241171,0.3105087876,18722,18592
15370,1.5217562914,0.1966206133,0.3098821342,18722,18592
15380,1.5234413147,0.1964067817,0.3099053502,18722,18592
15390,1.5247646570,0.1969249398,0.3100096583,18722,18592
15400,1.5284571648,0.1978303939,0.3096050620,18722,18592
15410,1.5293513536,0.1960762739,0.3094740510,18722,18592
15420,1.5322252512,0.1962353438,0.3092225790,18721,18592
15430,1.5331938267,0.1960915774,0.3093175292,18721,18592
15440,1.5374342203,0.1962732077,0.3087556362,18721,18592
15450,1.5380645990,0.1963452548,0.3090794981,18721,18592
15460,1.5403854847,0.1964364499,0.3088769317,18721,18592
15470,1.5423927307,0.1955171078,0.3087555766,18721,18592
15480,1.5442858934,0.1954919249,0.3086659610,18721,18592
15490,1.5460921526,0.1954286993,0.3085934818,18721,18592
15500,1.5464235544,0.1954873651,0.3098901510,18721,18592
15510,1.5494796038,0.1954732984,0.3096398413,18721,18592
15520,1.5509008169,0.1945841908,0.3097211421,18721,18592
15530,1.5536485910,0.1953821182,0.3094583452,18721,18592
15540,1.5550150871,0.1954022497,0.3089609444,18721,18592
15550,1.5564424992,0.1954040527,0.3089362681,18721,18592
15560,1.5578914881,0.1944151074,0.3089163899,18721,18592
15570,1.5608540773,0.1951888502,0.3086046576,18721,18592
15580,1.5626240969,0.1950374544,0.3085475266,18721,18592
15590,1.5646145344,0.1949490607,0.3098830879,18721,18592
15600,1.5664824247,0.1948355436,0.3098590970,18721,18592
15610,1.5682168007,0.1940314323,0.3098792136,18721,18592
15620,1.5707139969,0.1941279471,0.3097180426,18721,18592
15630,1.5737334490,0.1941440254,0.3088239729,18721,18592
15640,1.5760941505,0.1939931810,0.3086473644,18721,18592
15650,1.5776393414,0.1939854473,0.3086951375,18721,18592
15660,1.5789654255,0.1938485950,0.3088166714,18721,18592
15670,1.5823013783,0.1940554827,0.3083778322,18721,18598
15680,1.5829919577,0.1939191520,0.3084621727,18721,18598
15690,1.5864272118,0.1940552443,0.3080718517,18721,18598
15700,1.5879014730,0.1938956231,0.3081182241,18721,18598
15710,1.5886642933,0.1936962306,0.3083584607,18721,18598
15720,1.5907965899,0.1944290996,0.3073545694,18721,18598
15730,1.5924524069,0.1937014461,0.3072831333,18721,18598
15740,1.5955965519,0.1937972009,0.3069037497,18721,18598
15750,1.5967372656,0.1935913414,0.3069823086,18721,18598
15760,1.5993440151,0.1935062408,0.3083318174,18721,18598
15770,1.6004121304,0.1932737529,0.3084863424,18721,18598
15780,1.6014364958,0.1930596083,0.3086334765,18721,18598
15790,1.6043697596,0.1916825026,0.3083707392,18721,18598
15800,1.6074081659,0.1924996972,0.3080750406,18721,18598
15810,1.6084015369,0.1923485696,0.3078115284,18721,18598
15820,1.6100267172,0.1924822927,0.3077840507,18721,18598
15830,1.6116629839,0.1927092522,0.3077409565,18721,18598
15840,1.6152459383,0.1930679381,0.3072440922,18721,18598
15850,1.6161050797,0.1931859404,0.3069164455,18721,18598
15860,1.6189906597,0.1921294332,0.3066098988,18721,18598
15870,1.6192451715,0.1919426173,0.3068815470,18721,18598
15880,1.6221320629,0.1919366717,0.3065054715,18721,18598
15890,1.6243288517,0.1917594969,0.3062721491,18721,18598
15900,1.6272695065,0.1917025894,0.3058752716,18721,18598
15910,1.6289281845,0.1915210187,0.3057859838,18721,18598
15920,1.6310713291,0.1913677454,0.3055713475,18718,18598
15930,1.6318794489,0.1916805059,0.3057606518,18718,18598
15940,1.6345646381,0.1918075234,0.3056250811,18718,18598
15950,1.6359710693,0.1918118000,0.3055733442,18718,18598
15960,1.6373492479,0.1923775375,0.3055165410,18718,18598
15970,1.6394634247,0.1925086826,0.3053177595,18718,18598
15980,1.6416569948,0.1926521212,0.3046846092,18718,18598
15990,1.6433600187,0.1925882995,0.3045722246,18718,18598
16000,1.6437555552,0.1916557103,0.3047449589,18718,18598
16010,1.6475939751,0.1924400777,0.3042357266,18718,18598
16020,1.6501170397,0.1922536641,0.3039187789,18718,18598
16030,1.6519756317,0.1924703419,0.3038935363,18718,18598
16040,1.6536587477,0.1921534836,0.3038293719,18718,18598
16050,1.6559470892,0.1937386841,0.3036384583,18718,18598
16060,1.6566413641,0.1917495579,0.3040088415,18718,18598
16070,1.6600084305,0.1929420680,0.3052850664,18718,18598
16080,1.6612071991,0.1921713650,0.3054749966,18718,18598
16090,1.6638432741,0.1920747310,0.3053299487,18718,18598
16100,1.6645705700,0.1918255836,0.3056610525,18718,18598
16110,1.6679983139,0.1917718351,0.3053276241,18718,18598
16120,1.6696853638,0.1918099076,0.3072882891,18718,18598
16130,1.6727559566,0.1923506409,0.3072071075,18718,18598
16140,1.6743885279,0.1923911273,0.3074408174,18718,18598
16150,1.6760058403,0.1924614012,0.3076855540,18718,18598
16160,1.6774656773,0.1924938709,0.3075959980,18718,18598
16170,1.6802718639,0.1929497868,0.3075517714,18718,18588
16180,1.6823689938,0.1928628981,0.3076491654,18718,18588
16190,1.6838338375,0.1925703436,0.3078950047,18718,18588
16200,1.6866581440,0.1923085451,0.3089726865,18718,18588
16210,1.6886807680,0.1920920163,0.3096374571,18718,18588
16220,1.6909503937,0.1923000664,0.3092731535,18718,18588
16230,1.6911573410,0.1923478693,0.3098710775,18718,18588
16240,1.6947524548,0.1921338290,0.3096382022,18718,18588
16250,1.6970864534,0.1927648485,0.3098042607,18718,18588
16260,1.6980421543,0.1930843443,0.3101296425,18718,18588
16270,1.7003303766,0.1932831854,0.3101263046,18718,18588
16280,1.7032399178,0.1933992505,0.3099484146,18718,18588
16290,1.7040396929,0.1929614097,0.3106200993,18718,18588
16300,1.7069809437,0.1927087754,0.3104871213,18718,18588
16310,1.7085376978,0.1926487237,0.3106205463,18718,18588
16320,1.7100877762,0.1924519688,0.3107500374,18718,18588
16330,1.7123130560,0.1921934485,0.3106988668,18718,18588
16340,1.7152570486,0.1925640851,0.3102753162,18718,18588
16350,1.7176675797,0.1930609941,0.3101859093,18718,18588
16360,1.7201522589,0.1929881871,0.3100469410,18718,18588
16370,1.7211788893,0.1931606084,0.3103135824,18718,18588
16380,1.7242115736,0.1930865645,0.3107531071,18718,18588
16390,1.7257255316,0.1931932867,0.3108615577,18718,18588
16400,1.7285654545,0.1930669844,0.3106767535,18718,18588
16410,1.7299873829,0.1930653751,0.3108607531,18718,18588
16420,1.7320302725,0.1929300427,0.3109172285,18713,18588
16430,1.7334560156,0.1928691268,0.3110284805,18713,18588
16440,1.7342618704,0.1929577589,0.3112430573,18713,18588
16450,1.7371782064,0.1927261502,0.3110527992,18713,18588
16460,1.7395447493,0.1932882071,0.3109485805,18713,18588
16470,1.7427641153,0.1938139051,0.3107330799,18713,18588
16480,1.7439616919,0.1940002292,0.3108834922,18713,18588
16490,1.7457801104,0.1946214437,0.3108758926,18713,18588
16500,1.7475292683,0.1945192218,0.3108981550,18713,18588
16510,1.7506276369,0.1941575557,0.3107143939,18713,18588
16520,1.7551040649,0.1945829690,0.3104855418,18713,18588
16530,1.7545219660,0.1940902323,0.3106382489,18713,18588
16540,1.7568100691,0.1951234937,0.3104934692,18713,18588
16550,1.7588121891,0.1947173625,0.3104304671,18713,18588
16560,1.7594442368,0.1947123110,0.3096778393,18713,18588
16570,1.7628755569,0.1948683262,0.3093041778,18713,18588
16580,1.7650725842,0.1946079731,0.3091286123,18713,18588
16590,1.7667264938,0.1945509166,0.3090817928,18713,18588
16600,1.7683565617,0.1944952011,0.3090182543,18713,18588
16610,1.7721257210,0.1940845698,0.3085430861,18713,18588
16620,1.7730575800,0.1943527013,0.3086859882,18713,18588
16630,1.7760295868,0.1941137165,0.3082958162,18713,18588
16640,1.7776168585,0.1943924874,0.3089291453,18713,18588
16650,1.7797489166,0.1942941546,0.3087778091,18713,18588
16660,1.7818512917,0.1941902936,0.3086200655,18713,18588
16670,1.7838785648,0.1941221058,0.3084791005,18713,18588
16680,1.7852362394,0.1942727864,0.3085193038,18713,18588
16690,1.7866586447,0.1944426000,0.3098980784,18713,18588
16700,1.7894763947,0.1934136301,0.3096872866,18713,18588
16710,1.7910956144,0.1935731769,0.3097210526,18713,18588
16720,1.7942252159,0.1931191236,0.3094081581,18713,18588
16730,1.7959327698,0.1933613569,0.3088814318,18713,18588
16740,1.7984015942,0.1933185011,0.3086816967,18713,18588
16750,1.7993959188,0.1939517707,0.3088260889,18713,18588
16760,1.8023144007,0.1931266040,0.3085039258,18713,18588
16770,1.8037359715,0.1927474290,0.3085495532,18713,18588
16780,1.8095109463,0.1920990646,0.3086758256,18713,18588
16790,1.8087838888,0.1925027072,0.3088504374,18713,18588
16800,1.8101485968,0.1927052140,0.3089253008,18713,18588
16810,1.8129059076,0.1924575716,0.3086684644,18713,18588
16820,1.8163853884,0.1920384169,0.3081040084,18713,18588
16830,1.8178762197,0.1928275526,0.3081406057,18713,18588
16840,1.8207089901,0.1926115900,0.3078495562,18713,18588
16850,1.8214856386,0.1929340065,0.3081199825,18713,18588
16860,1.8255482912,0.1918044686,0.3065648079,18713,18588
16870,1.8262015581,0.1911794841,0.3067284822,18713,18588
16880,1.8310637474,0.1906937659,0.3062278330,18713,18588
16890,1.8295483589,0.1910265535,0.3066188693,18713,18588
16900,1.8308832645,0.1903237998,0.3065720499,18713,18588
16910,1.8362963200,0.1899363101,0.3063037395,18713,18588
16920,1.8351664543,0.1910963953,0.3065458238,18718,18588
16930,1.8382265568,0.1909274310,0.3062177002,18718,18588
16940,1.8394448757,0.1932534724,0.3061474562,18718,18588
16950,1.8416547775,0.1910313815,0.3068540096,18718,18588
16960,1.8441030979,0.1934182197,0.3065937757,18718,18588
16970,1.8482934237,0.1928491145,0.3064900041,18718,18588
16980,1.8490968943,0.1946576834,0.3062399626,18718,18588
16990,1.8499674797,0.1922589988,0.3066411018,18718,18588
17000,1.8510600328,0.1933934242,0.3067990541,18718,18588
17010,1.8538819551,0.1941520274,0.3067621589,18718,18588
17020,1.8546595573,0.1913219243,0.3069147766,18718,18588
17030,1.8573795557,0.1924447417,0.3068608046,18718,18588
17040,1.8588862419,0.1897405833,0.3059534132,18718,18588
17050,1.8609015942,0.1901288778,0.3058350980,18718,18588
17060,1.8628203869,0.1907544285,0.3057078421,18718,18588
17070,1.8640369177,0.1910220534,0.3055734634,18718,18588
17080,1.8651392460,0.1917941272,0.3052910566,18718,18588
17090,1.8679844141,0.1944110692,0.3051277101,18718,18588
17100,1.8686914444,0.1913490593,0.3051072061,18718,18588
17110,1.8710027933,0.1951136887,0.3048582971,18718,18588
17120,1.8730694056,0.1942740828,0.3046104908,18718,18588
17130,1.8731870651,0.1934286803,0.3054811954,18718,18588
17140,1.8758432865,0.1960249841,0.3053457439,18718,18588
17150,1.8751517534,0.1904744655,0.3055480123,18718,18588
17160,1.8770922422,0.1958967000,0.3053803146,18718,18588
17170,1.8781782389,0.1956445575,0.3059390485,18718,18595
17180,1.8794655800,0.1920468062,0.3060836196,18718,18595
17190,1.8808298111,0.1936792433,0.3059911430,18718,18595
17200,1.8821938038,0.2009745985,0.3057734966,18718,18595
17210,1.8834245205,0.1984728873,0.3060091436,18718,18595
17220,1.8839761019,0.1973734200,0.3065161407,18718,18595
17230,1.8846412897,0.1936366707,0.3067001104,18718,18595
17240,1.8852732182,0.1905597895,0.3068632483,18718,18595
17250,1.8853433132,0.1985932142,0.3066191971,18718,18595
17260,1.8862522840,0.2043337971,0.3062532842,18718,18595
17270,1.8869024515,0.2012971044,0.3064693511,18718,18595
17280,1.8870834112,0.2071774453,0.3061680794,18718,18595
17290,1.8884239197,0.2050363868,0.3065549433,18718,18595
17300,1.8888094425,0.2079962194,0.3083494306,18718,18595
17310,1.8894711733,0.2075224668,0.3085502386,18718,18595
17320,1.8898158073,0.2140090317,0.3083530664,18718,18595
17330,1.8903688192,0.2158910930,0.3083974123,18718,18595
17340,1.8901823759,0.2182352245,0.3082747161,18718,18595
17350,1.8908326626,0.2165899724,0.3094784319,18718,18595
17360,1.8911783695,0.2205776870,0.3094030619,18718,18595
17370,1.8911151886,0.2192917317,0.3096325099,18718,18595
17380,1.8915002346,0.2233088613,0.3095308840,18718,18595
17390,1.8919475079,0.2272580117,0.3095102310,18718,18595
17400,1.8919605017,0.2265608609,0.3097202778,18718,18595
17410,1.8918004036,0.2290990949,0.3096314371,18718,18595
17420,1.8924385309,0.2295707613,0.3098832667,18712,18595
17430,1.8922777176,0.2335457653,0.3096237183,18712,18595
17440,1.8922027349,0.2348097712,0.3101645708,18712,18595
17450,1.8928281069,0.2370112836,0.3102095127,18712,18595
17460,1.8927336931,0.2393473834,0.3101367354,18712,18595
17470,1.8926013708,0.2430049479,0.3098379970,18712,18595
17480,1.8930250406,0.2436756045,0.3104609549,18712,18595
17490,1.8934415579,0.2465094030,0.3103633523,18712,18595
17500,1.8938177824,0.2473497838,0.3105695844,18712,18595
17510,1.8934626579,0.2519762516,0.3100439012,18712,18595
17520,1.8937051296,0.2531724274,0.3109529018,18712,18595
17530,1.8939731121,0.2544667125,0.3111100495,18712,18595
17540,1.8935084343,0.2573185265,0.3109167218,18712,18595
17550,1.8937623501,0.2597574294,0.3108025193,18712,18595
17560,1.8932040930,0.2611596584,0.3110665679,18712,18595
17570,1.8935619593,0.2636947036,0.3117186725,18712,18595
17580,1.8931156397,0.2650975287,0.3119986355,18712,18595
17590,1.8935711384,0.2677476406,0.3117718697,18712,18595
17600,1.8938524723,0.2700147033,0.3116727769,18712,18595
17610,1.8942241669,0.2724686861,0.3124606311,18712,18595
17620,1.8936797380,0.2746560276,0.3126934469,18712,18595
17630,1.8937910795,0.2762224376,0.3130702376,18712,18595
17640,1.8941894770,0.2784079015,0.3128380775,18712,18595
17650,1.8942971230,0.2804685831,0.3128884733,18712,18595
17660,1.8945319653,0.2825057507,0.3115450144,18712,18595
17670,1.8943672180,0.2846029997,0.3117497563,18712,18595
17680,1.8945281506,0.2866818905,0.3114877641,18712,18597
17690,1.8942590952,0.2889086902,0.3117020726,18712,18597
17700,1.8944199085,0.2909271419,0.3106649220,18712,18597
17710,1.8944391012,0.2931085527,0.3104535043,18712,18597
17720,1.8941651583,0.2954598069,0.3105595708,18712,18597
17730,1.8930462599,0.2984348834,0.3108379543,18712,18597
17740,1.8935135603,0.2999611795,0.3113057315,18712,18597
17750,1.8947751522,0.3007574379,0.3109992445,18712,18597
17760,1.8961038589,0.3016693890,0.3105778098,18712,18597
17770,1.8961027861,0.3039752245,0.3108155131,18712,18597
17780,1.8959857225,0.3062797189,0.3110512495,18712,18597
17790,1.8957735300,0.3085417151,0.3101599216,18712,18597
17800,1.8960713148,0.3103383780,0.3095724881,18712,18597
17810,1.8954048157,0.3132687509,0.3097651899,18712,18597
17820,1.8960047960,0.3147586882,0.3093802333,18712,18597
17830,1.8962674141,0.3166743815,0.3101015687,18712,18597
17840,1.8960578442,0.3190276027,0.3099354208,18712,18597
17850,1.8956643343,0.3214565217,0.3100707233,18712,18597
17860,1.8968394995,0.3223789930,0.3095940053,18712,18597
17870,1.8971617222,0.3243663311,0.3091693819,18712,18597
17880,1.8980032206,0.3256375492,0.3079617620,18712,18597
17890,1.8978713751,0.3278434575,0.3080307543,18712,18597
17900,1.8980097771,0.3298267126,0.3078006804,18712,18597
17910,1.8980547190,0.3321181238,0.3072407544,18712,18597
17920,1.8979426622,0.3344852626,0.3076793253,18704,18597
17930,1.8975980282,0.3369832337,0.3075046837,18704,18597
17940,1.8977965117,0.3385889530,0.3077394664,18704,18597
17950,1.8977335691,0.3409092724,0.3072845936,18704,18597
17960,1.8972440958,0.3430644274,0.3076528609,18704,18597
17970,1.8986055851,0.3445761204,0.3069285452,18704,18597
17980,1.8984081745,0.3467032909,0.3070548475,18704,18597
17990,1.8992508650,0.3479733169,0.3069856763,18704,18597
18000,1.8990780115,0.3498971462,0.3071218431,18704,18597
18010,1.8993613720,0.3522140384,0.3049390912,18704,18597
18020,1.8993653059,0.3544197083,0.3046185672,18704,18597
18030,1.9002197981,0.3561688662,0.3041263223,18704,18597
18040,1.8998531103,0.3582009077,0.3042612374,18704,18597
18050,1.9005285501,0.3598566353,0.3042459190,18704,18597
18060,1.9001741409,0.3617838323,0.3042382002,18704,18597
18070,1.9004362822,0.3646115959,0.3035278022,18704,18597
18080,1.9003469944,0.3666290343,0.3034352064,18704,18597
18090,1.9002246857,0.3683081567,0.3035458922,18704,18597
18100,1.9009711742,0.3695889115,0.3027529716,18704,18597
18110,1.9007718563,0.3711953461,0.3027253151,18704,18597
18120,1.9016377926,0.3730416596,0.3023094237,18704,18597
18130,1.9013415575,0.3747365177,0.3023441434,18704,18597
18140,1.9014548063,0.3779778183,0.3008233607,18704,18597
18150,1.9011181593,0.3797843158,0.3007918894,18704,18597
18160,1.9026230574,0.3807104230,0.3006103337,18704,18597
18170,1.9022892714,0.3820063770,0.3008505106,18704,18594
18180,1.9022883177,0.3842319250,0.3014341891,18704,18594
18190,1.9021975994,0.3860087991,0.3013523221,18704,18594
18200,1.9023214579,0.3890211880,0.3008642495,18704,18594
18210,1.9022376537,0.3908401430,0.3008487225,18704,18594
18220,1.9021662474,0.3925898075,0.3008274436,18704,18594
18230,1.9021825790,0.3942979276,0.3020591438,18704,18594
18240,1.9022827148,0.3958972692,0.3020687997,18704,18594
18250,1.9032002687,0.3970962763,0.3020888865,18704,18594
18260,1.9043955803,0.4002907276,0.3014477193,18704,18594
18270,1.9042809010,0.4011265635,0.3020200431,18704,18594
18280,1.9043861628,0.4038266540,0.3018142581,18704,18594
18290,1.9040366411,0.4046639204,0.3022851050,18704,18594
18300,1.9038729668,0.4074794948,0.3020512164,18704,18594
18310,1.9052176476,0.4092283845,0.3019532859,18704,18594
18320,1.9042789936,0.4123251438,0.3013662994,18704,18594
18330,1.9040796757,0.4136021733,0.3016080856,18704,18594
18340,1.9046697617,0.4148776531,0.3017685711,18704,18594
18350,1.9039845467,0.4166336060,0.3018975258,18704,18594
18360,1.9040553570,0.4175764918,0.3021438122,18704,18594
18370,1.9052134752,0.4200842083,0.3020125926,18704,18594
18380,1.9046887159,0.4231705070,0.3017927706,18704,18594
18390,1.9048383236,0.4227924943,0.3019084930,18704,18594
18400,1.9050384760,0.4247367382,0.3035138845,18704,18594
18410,1.9050644636,0.4264872968,0.3036833704,18704,18594
18420,1.9043669701,0.4277892113,0.3040113747,18704,18594
18430,1.9043725729,0.4299349487,0.3040673733,18713,18594
18440,1.9043684006,0.4316072762,0.3042605221,18713,18594
18450,1.9044413567,0.4343842566,0.3044568002,18713,18594
18460,1.9045710564,0.4353782833,0.3048394024,18713,18594
18470,1.9048979282,0.4376859963,0.3048590720,18713,18594
18480,1.9052448273,0.4386877716,0.3052481711,18713,18594
18490,1.9057674408,0.4428102076,0.3040511310,18713,18594
18500,1.9051918983,0.4441252351,0.3044711053,18713,18594
18510,1.9052569866,0.4463169873,0.3044972122,18713,18594
18520,1.9058268070,0.4477222264,0.3047074676,18713,18594
18530,1.9051028490,0.4504900873,0.3051002920,18713,18594
18540,1.9048309326,0.4505786002,0.3056617379,18713,18594
18550,1.9057865143,0.4542041719,0.3053984940,18713,18594
18560,1.9051460028,0.4558762610,0.3056340814,18713,18594
18570,1.9052664042,0.4574906826,0.3058452010,18713,18594
18580,1.9054778814,0.4596249759,0.3067522049,18713,18594
18590,1.9055814743,0.4601400495,0.3072144389,18713,18594
18600,1.9051541090,0.4630070925,0.3071561456,18713,18594
18610,1.9053748846,0.4658774436,0.3070050478,18713,18594
18620,1.9055367708,0.4682577550,0.3069729507,18713,18594
18630,1.9055519104,0.4699647427,0.3071335554,18713,18594
18640,1.9047790766,0.4710852206,0.3074831665,18713,18594
18650,1.9048670530,0.4737169445,0.3073388934,18713,18594
18660,1.9051105976,0.4774260819,0.3067225218,18713,18594
18670,1.9051154852,0.4795781374,0.3076807857,18713,18603
18680,1.9052397013,0.4811856151,0.3079186082,18713,18603
18690,1.9053801298,0.4831012189,0.3080232143,18713,18603
18700,1.9051294327,0.4867706299,0.3074653447,18713,18603
18710,1.9052395821,0.4877401590,0.3097901642,18713,18603
18720,1.9055484533,0.4902661741,0.3097636402,18713,18603
18730,1.9055989981,0.4911506176,0.3102521598,18713,18603
18740,1.9052627087,0.4942904711,0.3100720942,18713,18603
18750,1.9054713249,0.4969843626,0.3099598587,18713,18603
18760,1.9048545361,0.4998234212,0.3098353148,18713,18603
18770,1.9047359228,0.5015488267,0.3100512028,18713,18603
18780,1.9044823647,0.5021303892,0.3106546104,18713,18603
18790,1.9053679705,0.5046483874,0.3105585575,18713,18603
18800,1.9049360752,0.5080090165,0.3100905120,18713,18603
18810,1.9050550461,0.5096949339,0.3102172315,18713,18603
18820,1.9052857161,0.5119506717,0.3101342022,18713,18603
18830,1.9045892954,0.5136023164,0.3103409708,18713,18603
18840,1.9040985107,0.5158926249,0.3105767667,18713,18603
18850,1.9044530392,0.5192264318,0.3103003800,18713,18603
18860,1.9047107697,0.5214372873,0.3102362454,18713,18603
18870,1.9047566652,0.5230847597,0.3103851676,18713,18603
18880,1.9047158957,0.5240850449,0.3107534051,18713,18603
18890,1.9050818682,0.5271567106,0.3088912666,18713,18603
18900,1.9044458866,0.5299374461,0.3086049259,18713,18603
18910,1.9044973850,0.5321264863,0.3084190786,18713,18603
18920,1.9044020176,0.5338460803,0.3084068894,18713,18603
18930,1.9045112133,0.5359656215,0.3093638122,18709,18603
18940,1.9044748545,0.5375543237,0.3093573153,18709,18603
18950,1.9050219059,0.5417550206,0.3086245954,18709,18603
18960,1.9041551352,0.5436891913,0.3087584674,18709,18603
18970,1.9042617083,0.5447687507,0.3082237542,18709,18603
18980,1.9027692080,0.5469263792,0.3081093729,18709,18603
18990,1.9034419060,0.5504557490,0.3075910211,18709,18603
19000,1.9016814232,0.5493540764,0.3084139824,18709,18603
19010,1.9023240805,0.5536956191,0.3082463443,18709,18603
19020,1.9008954763,0.5552543998,0.3070558012,18709,18603
19030,1.9008148909,0.5547181368,0.3069804311,18709,18603
19040,1.9007070065,0.5581744313,0.3069036305,18709,18603
19050,1.9006605148,0.5595757961,0.3067460060,18709,18603
19060,1.9015617371,0.5590081215,0.3069086671,18709,18603
19070,1.9019101858,0.5586543679,0.3067835569,18709,18603
19080,1.9017461538,0.5639837384,0.3068268001,18709,18603
19090,1.9025105238,0.5623730421,0.3068123460,18709,18603
19100,1.9007217884,0.5690218210,0.3065463901,18709,18603
19110,1.9005166292,0.5691829920,0.3079898953,18709,18603
19120,1.8994091749,0.5725162029,0.3078393042,18709,18603
19130,1.8973871469,0.5739507079,0.3076831698,18709,18603
19140,1.8985118866,0.5733284950,0.3078658581,18709,18603
19150,1.8974254131,0.5752779245,0.3095037043,18709,18603
19160,1.8966641426,0.5787643194,0.3095446229,18709,18603
19170,1.8971668482,0.5777873993,0.3097091615,18709,18593
19180,1.8966729641,0.5788140297,0.3097605705,18709,18593
19190,1.8966976404,0.5779329538,0.3106830120,18709,18593
19200,1.8953751326,0.5795015693,0.3107025027,18709,18593
19210,1.8970258236,0.5757778287,0.3109413087,18709,18593
19220,1.8947407007,0.5808339119,0.3109262884,18709,18593
19230,1.8931424618,0.5821929574,0.3108735085,18709,18593
19240,1.8881520033,0.5895031095,0.3098372519,18709,18593
19250,1.8900964260,0.5870248079,0.3101285100,18709,18593
19260,1.8866680861,0.5920796990,0.3098347187,18709,18593
19270,1.8881676197,0.5881952047,0.3100958765,18709,18593
19280,1.8847806454,0.5912629962,0.3086819053,18709,18593
19290,1.8847513199,0.5925028920,0.3086576760,18709,18593
19300,1.8845010996,0.5909168720,0.3085603118,18709,18593
19310,1.8830394745,0.5910783410,0.3083450496,18709,18593
19320,1.8828167915,0.5895063877,0.3082627356,18709,18593
19330,1.8800462484,0.5916383862,0.3063039780,18709,18593
19340,1.8781250715,0.5924339294,0.3059164584,18709,18593
19350,1.8760581017,0.5937907696,0.3055141866,18709,18593
19360,1.8751606941,0.5937412977,0.3052841723,18709,18593
19370,1.8720449209,0.5964578390,0.3042258620,18709,18593
19380,1.8728963137,0.5935604572,0.3041259944,18709,18593
19390,1.8699705601,0.5961973071,0.3036308587,18709,18593
19400,1.8697497845,0.5944938660,0.3034704924,18709,18593
19410,1.8649389744,0.5986605883,0.3022941351,18709,18593
19420,1.8657939434,0.5955543518,0.3022392988,18706,18593
19430,1.8620874882,0.5979545712,0.3016426265,18706,18593
19440,1.8604369164,0.5983703136,0.3013006747,18706,18593
19450,1.8584753275,0.6001866460,0.3009224832,18706,18593
19460,1.8572367430,0.5991582870,0.2989560366,18706,18593
19470,1.8546522856,0.6001815200,0.2984232903,18706,18593
19480,1.8540337086,0.5988233089,0.2982508540,18706,18593
19490,1.8515202999,0.5986204743,0.2977516949,18706,18593
19500,1.8506401777,0.5986263752,0.2973344624,18706,18593
19510,1.8471342325,0.5998131633,0.2967495024,18706,18593
19520,1.8453191519,0.6002601385,0.2964321673,18706,18593
19530,1.8450490236,0.6003414392,0.2964878082,18706,18593
19540,1.8424278498,0.6001592278,0.2960710526,18706,18593
19550,1.8404684067,0.6005724072,0.2961584330,18706,18593
19560,1.8377654552,0.5994769931,0.2958059013,18706,18593
19570,1.8357079029,0.5991733670,0.2955602109,18706,18593
19580,1.8330748081,0.5994181633,0.2951792181,18706,18593
19590,1.8324611187,0.5999145508,0.2965518236,18706,18593
19600,1.8292825222,0.5994759202,0.2962418795,18706,18593
19610,1.8281842470,0.6000416279,0.2964203060,18706,18593
19620,1.8257575035,0.5998302698,0.2962723374,18706,18593
19630,1.8244231939,0.6000515819,0.2966759503,18706,18593
19640,1.8207337856,0.5994079113,0.2963070869,18706,18593
19650,1.8192615509,0.5999976397,0.2964722514,18706,18593
19660,1.8164793253,0.5995019078,0.2963090241,18706,18593
19670,1.8159973621,0.6009370089,0.2970064580,18706,18593
19680,1.8128237724,0.5999559760,0.2976287901,18706,18598
19690,1.8111236095,0.6004154086,0.2979066074,18706,18598
19700,1.8086202145,0.5998743176,0.2978247106,18706,18598
19710,1.8066091537,0.5999612808,0.2979261279,18706,18598
19720,1.8050185442,0.6006516814,0.2993706167,18706,18598
19730,1.8033268452,0.6011865139,0.2996874154,18706,18598
19740,1.7997684479,0.5991210938,0.2994818389,18706,18598
19750,1.7986547947,0.6004492044,0.3000899553,18706,18598
19760,1.7962255478,0.5997662544,0.3000954986,18706,18598
19770,1.7945458889,0.6010459065,0.3017979562,18706,18598
19780,1.7924929857,0.6007287502,0.3020432591,18706,18598
19790,1.7906477451,0.6004110575,0.3022524416,18706,18598
19800,1.7886971235,0.6009553671,0.3026742935,18706,18598
19810,1.7856572866,0.5992233753,0.3035229445,18706,18598
19820,1.7845573425,0.6007023454,0.3041072786,18706,18598
19830,1.7823837996,0.6005877852,0.3043631911,18706,18598
19840,1.7802700996,0.6005367637,0.3046176434,18706,18598
19850,1.7779411077,0.5997629166,0.3047882915,18706,18598
19860,1.7761538029,0.6006916165,0.3051906824,18706,18598
19870,1.7739452124,0.6007032990,0.3054233193,18706,18598
19880,1.7717657089,0.6007220149,0.3056395650,18706,18598
19890,1.7693835497,0.5999314785,0.3056175113,18706,18598
19900,1.7681325674,0.6015462279,0.3082198203,18706,18598
19910,1.7654337883,0.6007168293,0.3083232641,18706,18598
19920,1.7631691694,0.6007560492,0.3085494339,18701,18598
19930,1.7617664337,0.6023189425,0.3091773987,18701,18598
19940,1.7597752810,0.6023095250,0.3096261621,18701,18598
19950,1.7570581436,0.6015277505,0.3096904457,18701,18598
19960,1.7561310530,0.6030315757,0.3101463020,18701,18598
19970,1.7538485527,0.6024303436,0.3100790977,18701,18598
19980,1.7520490885,0.6036773920,0.3106230497,18701,18598
19990,1.7504752874,0.6038548946,0.3091594577,18701,18598
20000,1.7483748198,0.6044249535,0.3092882633,18701,18598
20010,1.7460055351,0.6047117710,0.3094149530,18701,18598
20020,1.7430810928,0.6038132310,0.3091234863,18701,18598
20030,1.7415657043,0.6047594547,0.3100622892,18701,18598
20040,1.7391161919,0.6042243242,0.3098705709,18701,18598
20050,1.7378629446,0.6052665710,0.3101057410,18701,18598
20060,1.7351952791,0.6047439575,0.3098661304,18701,18598
20070,1.7348368168,0.6064625978,0.3109374046,18701,18598
20080,1.7306885719,0.6049637198,0.3105708957,18701,18598
20090,1.7290022373,0.6056072712,0.3106705248,18701,18598
20100,1.7272075415,0.6060603261,0.3107418120,18701,18598
20110,1.7248027325,0.6059731245,0.3106235266,18701,18598
20120,1.7232308388,0.6065763235,0.3099932075,18701,18598
20130,1.7213047743,0.6071557999,0.3098468184,18701,18598
20140,1.7181867361,0.6064551473,0.3095658123,18701,18598
20150,1.7164305449,0.6066839695,0.3095835149,18701,18598
20160,1.7148841619,0.6072284579,0.3105840385,18701,18598
20170,1.7122533321,0.6073465347,0.3103657663,18701,18601
20180,1.7102419138,0.6078747511,0.3102567494,18701,18601
20190,1.7086939812,0.6082929969,0.3103193641,18701,18601
20200,1.7074499130,0.6091330051,0.3103902638,18701,18601
20210,1.7056870461,0.6093797088,0.3122677505,18701,18601
20220,1.7038962841,0.6095222235,0.3123211861,18701,18601
20230,1.7021427155,0.6095976233,0.3123459816,18701,18601
20240,1.6992250681,0.6100136042,0.3120164275,18701,18601
20250,1.6973294020,0.6101193428,0.3124177456,18701,18601
20260,1.6960496902,0.6103417277,0.3124940395,18701,18601
20270,1.6936385632,0.6105987430,0.3123066425,18701,18601
20280,1.6925692558,0.6108027697,0.3124637306,18701,18601
20290,1.6903797388,0.6112191677,0.3117739558,18701,18601
20300,1.6883656979,0.6121014953,0.3115988374,18701,18601
20310,1.6851392984,0.6115581393,0.3113041222,18701,18601
20320,1.6828697920,0.6120625734,0.3110826612,18701,18601
20330,1.6812245846,0.6121367216,0.3110913038,18701,18601
20340,1.6795723438,0.6117080450,0.3102041781,18701,18601
20350,1.6766374111,0.6121266484,0.3098416626,18701,18601
20360,1.6744109392,0.6121681333,0.3096250296,18701,18601
20370,1.6715213060,0.6126891971,0.3091965020,18701,18601
20380,1.6699268818,0.6126672626,0.3115728498,18701,18601
20390,1.6685953140,0.6127865314,0.3116643429,18701,18601
20400,1.6666282415,0.6129777431,0.3116141856,18701,18601
20410,1.6638848782,0.6131227612,0.3113974035,18701,18601
20420,1.6632717848,0.6131511331,0.3117294610,18701,18601
20430,1.6602993011,0.6130364537,0.3112060130,18697,18601
20440,1.6595473289,0.6130555868,0.3113572598,18697,18601
20450,1.6565442085,0.6137360334,0.3110865951,18697,18601
20460,1.6548019648,0.6137934923,0.3110661209,18697,18601
20470,1.6509414911,0.6139885783,0.3082180917,18697,18601
20480,1.6506994963,0.6140894890,0.3084003925,18697,18601
20490,1.6482741833,0.6142016053,0.3080828190,18697,18601
20500,1.6459609270,0.6141409278,0.3077720702,18697,18601
20510,1.6451447010,0.6140647531,0.3094994724,18697,18601
20520,1.6407655478,0.6140215397,0.3089737594,18697,18601
20530,1.6402066946,0.6140784025,0.3091836572,18697,18601
20540,1.6366974115,0.6141387224,0.3087042272,18697,18601
20550,1.6353459358,0.6141291261,0.3087649345,18697,18601
20560,1.6331882477,0.6137179136,0.3082736135,18697,18601
20570,1.6318842173,0.6143698692,0.3082449436,18697,18601
20580,1.6289703846,0.6146448851,0.3078676760,18697,18601
20590,1.6267035007,0.6142467856,0.3076547682,18697,18601
20600,1.6253801584,0.6144275069,0.3049692810,18697,18601
20610,1.6246926785,0.6145561337,0.3049032688,18697,18601
20620,1.6210346222,0.6145077348,0.3043181896,18697,18601
20630,1.6194697618,0.6139145494,0.3041653931,18697,18601
20640,1.6170326471,0.6137523055,0.3069926798,18697,18601
20650,1.6154943705,0.6136763096,0.3069761395,18697,18601
20660,1.6131913662,0.6135803461,0.3068209291,18697,18601
20670,1.6123284101,0.6136568785,0.3069883883,18697,18604
20680,1.6077969074,0.6134586334,0.3063504398,18697,18604
20690,1.6062682867,0.6147481799,0.3058519661,18697,18604
20700,1.6038796902,0.6142981648,0.3057148457,18697,18604
20710,1.6023695469,0.6144475341,0.3057780564,18697,18604
20720,1.5988352299,0.6143355966,0.3052998483,18697,18604
20730,1.5987251997,0.6147084236,0.3071515262,18697,18604
20740,1.5965632200,0.6134113073,0.3071811795,18697,18604
20750,1.5938147306,0.6131531596,0.3070500195,18697,18604
20760,1.5931185484,0.6132003665,0.3074000776,18697,18604
20770,1.5895235538,0.6129607558,0.3070664108,18697,18604
20780,1.5893030167,0.6132857203,0.3074140251,18697,18604
20790,1.5855517387,0.6136903763,0.3071250319,18697,18604
20800,1.5831006765,0.6138044000,0.3070133328,18697,18604
20810,1.5805104971,0.6120934486,0.3069545031,18697,18604
20820,1.5795675516,0.6123377085,0.3072248101,18697,18604
20830,1.5768265724,0.6140832305,0.3070941865,18697,18604
20840,1.5753222704,0.6136758924,0.3072806001,18697,18604
20850,1.5725950003,0.6135103106,0.3071024418,18697,18604
20860,1.5719156265,0.6138723493,0.3077227771,18697,18604
20870,1.5685069561,0.6134708524,0.3074849546,18697,18604
20880,1.5663682222,0.6132107377,0.3074766099,18697,18604
20890,1.5647876263,0.6131361127,0.3076150715,18697,18604
20900,1.5625245571,0.6130416989,0.3075483441,18697,18604
20910,1.5595803261,0.6127367020,0.3075319529,18697,18604
20920,1.5592556000,0.6125774384,0.3079653978,18699,18604
20930,1.5565284491,0.6148512959,0.3078614175,18699,18604
20940,1.5541421175,0.6129963398,0.3079590797,18699,18604
20950,1.5505622625,0.6120637059,0.3068668842,18699,18604
20960,1.5503559113,0.6136298180,0.3073152304,18699,18604
20970,1.5494893789,0.6131470203,0.3075368702,18699,18604
20980,1.5461181402,0.6132550240,0.3071993291,18699,18604
20990,1.5446044207,0.6132903695,0.3072624207,18699,18604
21000,1.5415519476,0.6123331785,0.3081117570,18699,18604
21010,1.5399296284,0.6124441624,0.3081626594,18699,18604
21020,1.5375918150,0.6124463081,0.3080350161,18699,18604
21030,1.5359108448,0.6125372052,0.3080786765,18699,18604
21040,1.5328122377,0.6117739677,0.3082359135,18699,18604
21050,1.5312911272,0.6119571924,0.3083254099,18699,18604
21060,1.5277129412,0.6110541821,0.3079186976,18699,18604
21070,1.5269635916,0.6112565398,0.3082908988,18699,18604
21080,1.5241556168,0.6110859513,0.3080150485,18699,18604
21090,1.5228651762,0.6112685204,0.3081215918,18699,18604
21100,1.5193525553,0.6105200052,0.3077438772,18699,18604
21110,1.5179811716,0.6110035777,0.3078741729,18699,18604
21120,1.5157690048,0.6105170250,0.3077676296,18699,18604
21130,1.5135575533,0.6099085212,0.3065353334,18699,18604
21140,1.5112146139,0.6092948318,0.3063241541,18699,18604
21150,1.5097349882,0.6094325185,0.3063427210,18699,18604
21160,1.5061056614,0.6084906459,0.3057872355,18699,18604
21170,1.5060667992,0.6087172031,0.3058300614,18699,18591
21180,1.5031828880,0.6085945368,0.3055411577,18699,18591
21190,1.5024845600,0.6083469987,0.3057215512,18699,18591
21200,1.4988965988,0.6075187922,0.3052825332,18699,18591
21210,1.4967408180,0.6075463295,0.3051304519,18699,18591
21220,1.4959305525,0.6079522967,0.3051780760,18699,18591
21230,1.4942828417,0.6075353622,0.3050957322,18699,18591
21240,1.4912666082,0.6073818207,0.3047216237,18699,18591
21250,1.4888366461,0.6074447632,0.3044330478,18699,18591
21260,1.4877408743,0.6077148914,0.3047610223,18699,18591
21270,1.4853818417,0.6076686382,0.3045516312,18699,18591
21280,1.4843034744,0.6076930165,0.3046442866,18699,18591
21290,1.4813486338,0.6072407365,0.3042879105,18699,18591
21300,1.4796020985,0.6070389748,0.3057407439,18699,18591
21310,1.4773713350,0.6066803932,0.3056384027,18699,18591
21320,1.4758116007,0.6065492034,0.3056876659,18699,18591
21330,1.4736205339,0.6063072681,0.3055813015,18699,18591
21340,1.4727448225,0.6064894795,0.3058482409,18699,18591
21350,1.4690824747,0.6060628295,0.3072410822,18699,18591
21360,1.4668037891,0.6067107320,0.3072710335,18699,18591
21370,1.4638022184,0.6066265702,0.3070797026,18699,18591
21380,1.4634995461,0.6071113348,0.3078038692,18699,18591
21390,1.4607026577,0.6067909598,0.3082125187,18699,18591
21400,1.4592567682,0.6066064835,0.3084750175,18699,18591
21410,1.4558144808,0.6059278250,0.3082655668,18699,18591
21420,1.4549713135,0.6059728265,0.3087440431,18697,18591
21430,1.4520924091,0.6069155931,0.3086310327,18697,18591
21440,1.4512567520,0.6063147187,0.3078908920,18697,18591
21450,1.4497143030,0.6070229411,0.3080026805,18697,18591
21460,1.4467979670,0.6067584753,0.3077992201,18697,18591
21470,1.4444463253,0.6059483886,0.3076959550,18697,18591
21480,1.4407016039,0.6056452394,0.3074848056,18697,18591
21490,1.4404459000,0.6066536903,0.3079296947,18697,18591
21500,1.4375456572,0.6063975096,0.3076766729,18697,18591
21510,1.4361827374,0.6057172418,0.3078002632,18697,18591
21520,1.4334485531,0.6063855886,0.3077396452,18697,18591
21530,1.4321513176,0.6064314842,0.3078227937,18697,18591
21540,1.4294154644,0.6055221558,0.3075919747,18697,18591
21550,1.4280327559,0.6055189967,0.3076653779,18697,18591
21560,1.4244840145,0.6060670614,0.3072375059,18697,18591
21570,1.4236347675,0.6060540080,0.3081039488,18697,18591
21580,1.4199062586,0.6058915257,0.3077048957,18697,18591
21590,1.4198367596,0.6052820086,0.3081581593,18697,18591
21600,1.4169383049,0.6051558256,0.3078873456,18697,18591
21610,1.4154838324,0.6051608324,0.3079680204,18697,18591
21620,1.4125272036,0.6051034927,0.3076804578,18697,18591
21630,1.4102399349,0.6051335335,0.3074916601,18697,18591
21640,1.4087113142,0.6045675874,0.3074651361,18697,18591
21650,1.4079096317,0.6047463417,0.3076222241,18697,18591
21660,1.4042069912,0.6048434377,0.3073681295,18697,18591
21670,1.4027978182,0.6049928665,0.3073377907,18697,18591
21680,1.4005904198,0.6050222516,0.3071366549,18697,18596
21690,1.3998708725,0.6050024033,0.3073194623,18697,18596
21700,1.3983241320,0.6049179435,0.3071554601,18697,18596
21710,1.3951833248,0.6033976078,0.3068099320,18697,18596
21720,1.3943488598,0.6033195257,0.3068383336,18697,18596
21730,1.3918706179,0.6020151377,0.3064963818,18697,18596
21740,1.3893980980,0.6033714414,0.3073793352,18697,18596
21750,1.3869680166,0.6035596132,0.3071562350,18697,18596
21760,1.3860311508,0.6038658023,0.3072344661,18697,18596
21770,1.3843940496,0.6035373211,0.3071710765,18697,18596
21780,1.3812805414,0.6024452448,0.3067754209,18697,18596
21790,1.3789887428,0.6018812656,0.3066403568,18697,18596
21800,1.3782178164,0.6020593047,0.3067437410,18697,18596
21810,1.3752468824,0.6015822291,0.3063540459,18697,18596
21820,1.3744455576,0.6011123657,0.3064853847,18697,18596
21830,1.3708158731,0.5998861790,0.3046836853,18697,18596
21840,1.3693774939,0.6000770330,0.3045485616,18697,18596
21850,1.3671063185,0.6003231406,0.3042103946,18697,18596
21860,1.3663859367,0.6006945372,0.3042317927,18697,18596
21870,1.3635239601,0.6002685428,0.3037031293,18697,18596
21880,1.3621302843,0.6006106138,0.3019626439,18697,18596
21890,1.3592225313,0.5985410810,0.3014119864,18697,18596
21900,1.3577191830,0.5987269878,0.3011380136,18697,18596
21910,1.3555003405,0.5986715555,0.3006618321,18697,18596
21920,1.3540714979,0.5980606675,0.2998362780,18700,18596
21930,1.3533123732,0.5976867080,0.2996206880,18700,18596
21940,1.3497866392,0.5961804986,0.2988754213,18700,18596
21950,1.3489316702,0.5973060131,0.2988144457,18700,18596
21960,1.3466421366,0.5981388688,0.2993560731,18700,18596
21970,1.3450406790,0.5985201001,0.2990638316,18700,18596
21980,1.3427309990,0.5979183316,0.2986818850,18700,18596
21990,1.3403378725,0.5965225697,0.2983058989,18700,18596
22000,1.3386445045,0.5965932608,0.2981017232,18700,18596
22010,1.3368716240,0.5972950459,0.2994282544,18700,18596
22020,1.3340265751,0.5990727544,0.2989699244,18700,18596
22030,1.3330243826,0.5992723703,0.2991254330,18700,18596
22040,1.3308539391,0.5983166099,0.2989673913,18700,18596
22050,1.3285801411,0.5986683369,0.3016330600,18700,18596
22060,1.3271176815,0.6005380154,0.3017301261,18700,18596
22070,1.3245221376,0.5990701914,0.3016857207,18700,18596
22080,1.3213063478,0.5988094211,0.3013193309,18700,18596
22090,1.3208979368,0.5990672112,0.3020401001,18700,18596
22100,1.3181239367,0.5997449160,0.3027141094,18700,18596
22110,1.3172057867,0.6005659103,0.3030964136,18700,18596
22120,1.3145655394,0.5999874473,0.3030290902,18700,18596
22130,1.3130590916,0.5993123651,0.3032514155,18700,18596
22140,1.3102368116,0.5990039110,0.3038450480,18700,18596
22150,1.3098328114,0.5994011760,0.3043203354,18700,18596
22160,1.3069458008,0.5992834568,0.3042599559,18700,18596
22170,1.3059556484,0.5996339917,0.3046198487,18700,18589
22180,1.3055807352,0.6014388800,0.3038908243,18700,18589
22190,1.3012160063,0.6010174751,0.3036057949,18700,18589
22200,1.2994621992,0.6017601490,0.3036701679,18700,18589
22210,1.2983376980,0.6016566157,0.3039419949,18700,18589
22220,1.2972607613,0.6022225618,0.3041932583,18700,18589
22230,1.2929359674,0.6014985442,0.3034061193,18700,18589
22240,1.2926368713,0.6026468873,0.3038626313,18700,18589
22250,1.2904466391,0.6021608710,0.3038187623,18700,18589
22260,1.2889539003,0.6025476456,0.3039267063,18700,18589
22270,1.2861129045,0.6021410227,0.3037948012,18700,18589
22280,1.2839254141,0.6019868255,0.3037166297,18700,18589
22290,1.2824046612,0.6043114066,0.3038420081,18700,18589
22300,1.2809826136,0.6028593183,0.3039789796,18700,18589
22310,1.2780313492,0.6037987471,0.3037010431,18700,18589
22320,1.2765340805,0.6039018631,0.3050703704,18700,18589
22330,1.2750742435,0.6045700312,0.3051793575,18700,18589
22340,1.2728629112,0.6043848991,0.3051615953,18700,18589
22350,1.2706381083,0.6041857600,0.3051241338,18700,18589
22360,1.2684733868,0.6054375768,0.3026405871,18700,18589
22370,1.2668982744,0.6082850099,0.3025576472,18700,18589
22380,1.2647066116,0.6071956158,0.3025170565,18700,18589
22390,1.2624874115,0.6077185273,0.3023293018,18700,18589
22400,1.2617765665,0.6079990864,0.3042422831,18700,18589
22410,1.2580664158,0.6076548696,0.3039540350,18700,18589
22420,1.2565823793,0.6103230715,0.3039987981,18701,18589
22430,1.2553588152,0.6072724462,0.3042834699,18701,18589
22440,1.2540445328,0.6074822545,0.3043788671,18701,18589
22450,1.2525143623,0.6093916297,0.3046708405,18701,18589
22460,1.2485947609,0.6095151901,0.3043358028,18701,18589
22470,1.2470389605,0.6086421609,0.3043697774,18701,18589
22480,1.2437891960,0.6088882685,0.3040266037,18701,18589
22490,1.2432086468,0.6088291407,0.3026146591,18701,18589
22500,1.2409468889,0.6090483069,0.3024011552,18701,18589
22510,1.2397147417,0.6092271805,0.3023770154,18701,18589
22520,1.2358387709,0.6099345684,0.3018361628,18701,18589
22530,1.2337841988,0.6100435853,0.3016412854,18701,18589
22540,1.2318154573,0.6098044515,0.3007902503,18701,18589
22550,1.2314921618,0.6094144583,0.3008830249,18701,18589
22560,1.2277932167,0.6095743775,0.3003596663,18701,18589
22570,1.2257877588,0.6101739407,0.3001717031,18701,18589
22580,1.2228088379,0.6097102761,0.2997134924,18701,18589
22590,1.2215784788,0.6094416380,0.2996492088,18701,18589
22600,1.2202825546,0.6093770862,0.2995807230,18701,18589
22610,1.2181236744,0.6096639037,0.2993364334,18701,18589
22620,1.2151390314,0.6103110909,0.2993367910,18701,18589
22630,1.2139874697,0.6096595526,0.2992987037,18701,18589
22640,1.2127116919,0.6098212004,0.2992421687,18701,18589
22650,1.2097212076,0.6095710993,0.2988997400,18701,18589
22660,1.2100393772,0.6099696755,0.2992750406,18701,18589
22670,1.2068206072,0.6081627011,0.2989260852,18701,18585
22680,1.2042893171,0.6090358496,0.2987386882,18701,18585
22690,1.2025851011,0.6090387106,0.2986744046,18701,18585
22700,1.2007839680,0.6091287732,0.2986156642,18701,18585
22710,1.1990163326,0.6092392206,0.2995454967,18701,18585
22720,1.1973235607,0.6086904407,0.2995644510,18701,18585
22730,1.1940544844,0.6077231765,0.2992967069,18701,18585
22740,1.1924496889,0.6085076332,0.2994113863,18701,18585
22750,1.1908668280,0.6086185575,0.3008414805,18701,18585
22760,1.1886445284,0.6081431508,0.3008694351,18701,18585
22770,1.1864877939,0.6083555222,0.3008951843,18701,18585
22780,1.1850690842,0.6085076332,0.3010818362,18701,18585
22790,1.1828587055,0.6087744236,0.3010998368,18701,18585
22800,1.1805471182,0.6075195670,0.3022714555,18701,18585
22810,1.1783169508,0.6068584323,0.3023337126,18701,18585
22820,1.1773934364,0.6076131463,0.3027470410,18701,18585
22830,1.1758877039,0.6069752574,0.3029768765,18701,18585
22840,1.1736025810,0.6071601510,0.3038031757,18701,18585
22850,1.1690425873,0.6075218916,0.3035151362,18701,18585
22860,1.1689239740,0.6070070267,0.3041754961,18701,18585
22870,1.1659307480,0.6072505713,0.3040708005,18701,18585
22880,1.1651476622,0.6073494554,0.3045735657,18701,18585
22890,1.1622532606,0.6073421240,0.3046984076,18701,18585
22900,1.1609482765,0.6066033840,0.3049820065,18701,18585
22910,1.1589282751,0.6064105034,0.3050945103,18701,18585
22920,1.1554379463,0.6061626077,0.3048105240,18701,18585
22930,1.1552573442,0.6063628793,0.3053335547,18693,18585
22940,1.1523423195,0.6063492894,0.3052566946,18693,18585
22950,1.1507388353,0.6064627767,0.3054207861,18693,18585
22960,1.1477768421,0.6065505743,0.3052291274,18693,18585
22970,1.1455001831,0.6083052158,0.3047155440,18693,18585
22980,1.1434568167,0.6076859236,0.3047174513,18693,18585
22990,1.1427081823,0.6078990698,0.3050096631,18693,18585
23000,1.1393398046,0.6075792909,0.3046574593,18693,18585
23010,1.1366392374,0.6072037816,0.3044039309,18693,18585
23020,1.1344220638,0.6067668200,0.3053360879,18693,18585
23030,1.1335095167,0.6065182090,0.3056049943,18693,18585
23040,1.1306661367,0.6060060859,0.3053522110,18693,18585
23050,1.1284265518,0.6082110405,0.3053478003,18693,18585
23060,1.1261993647,0.6082542539,0.3059467077,18693,18585
23070,1.1253066063,0.6101250052,0.3061606288,18693,18585
23080,1.1211618185,0.6084597707,0.3057700694,18693,18585
23090,1.1203609705,0.6085668206,0.3061488569,18693,18585
23100,1.1174806356,0.6098875999,0.3058572114,18693,18585
23110,1.1160335541,0.6095827222,0.3060148358,18693,18585
23120,1.1138480902,0.6107033491,0.3059130907,18693,18585
23130,1.1129678488,0.6103667617,0.3061628938,18693,18585
23140,1.1108587980,0.6114893556,0.3060488701,18693,18585
23150,1.1079188585,0.6110278964,0.3070578873,18693,18585
23160,1.1063191891,0.6107135415,0.3071277440,18693,18585
23170,1.1039340496,0.6133077145,0.3070152104,18693,18573
23180,1.1028642654,0.6117297411,0.3073540032,18693,18573
23190,1.1006270647,0.6115729809,0.3063888550,18693,18573
23200,1.0988931656,0.6113790870,0.3063223660,18693,18573
23210,1.0965805054,0.6128041148,0.3061661720,18693,18573
23220,1.0956318378,0.6127472520,0.3062826693,18693,18573
23230,1.0933467150,0.6128260493,0.3060794473,18693,18573
23240,1.0910053253,0.6135602593,0.3046838939,18693,18573
23250,1.0893571377,0.6133759618,0.3045867085,18693,18573
23260,1.0877580643,0.6133984923,0.3044919670,18693,18573
23270,1.0845122337,0.6132270694,0.3040329814,18693,18573
23280,1.0828996897,0.6130784750,0.3039660156,18693,18573
23290,1.0797542334,0.6136334538,0.3035513461,18693,18573
23300,1.0789967775,0.6134750247,0.3036467731,18693,18573
23310,1.0767649412,0.6134378910,0.3033869863,18693,18573
23320,1.0763112307,0.6126419306,0.3035472035,18693,18573
23330,1.0718117952,0.6129654050,0.3027651012,18693,18573
23340,1.0704957247,0.6139181256,0.3027352393,18693,18573
23350,1.0682611465,0.6135801673,0.3024607301,18693,18573
23360,1.0675408840,0.6138564348,0.3025524914,18693,18573
23370,1.0644502640,0.6135923266,0.3016537428,18693,18573
23380,1.0630095005,0.6137974262,0.3015189767,18693,18573
23390,1.0608038902,0.6138726473,0.3012351990,18693,18573
23400,1.0569531918,0.6139640212,0.3005919456,18693,18573
23410,1.0571091175,0.6128422618,0.3010069430,18693,18573
23420,1.0541704893,0.6128103137,0.3006321192,18694,18573
23430,1.0528931618,0.6128392220,0.3005571365,18694,18573
23440,1.0500415564,0.6137604713,0.3001870215,18694,18573
23450,1.0495871305,0.6139087081,0.3003686070,18694,18573
23460,1.0466768742,0.6128987074,0.3003014624,18694,18573
23470,1.0444964170,0.6109402776,0.3000566363,18694,18573
23480,1.0421662331,0.6111952662,0.2998307943,18694,18573
23490,1.0405803919,0.6121393442,0.2998245955,18694,18573
23500,1.0374214649,0.6125506163,0.3000183105,18694,18573
23510,1.0358748436,0.6128088832,0.2999881208,18694,18573
23520,1.0343867540,0.6123297811,0.2999902666,18694,18573
23530,1.0330150127,0.6131145358,0.3000201881,18694,18573
23540,1.0292928219,0.6124748588,0.2995404899,18694,18573
23550,1.0284466743,0.6123415828,0.3018935621,18694,18573
23560,1.0255184174,0.6130590439,0.3017392457,18694,18573
23570,1.0240848064,0.6130083799,0.3019210994,18694,18573
23580,1.0211830139,0.6129132509,0.3017288446,18694,18573
23590,1.0196994543,0.6121286154,0.3019612432,18694,18573
23600,1.0160666704,0.6113055944,0.3016325533,18694,18573
23610,1.0153447390,0.6112956405,0.3020073771,18694,18573
23620,1.0131326914,0.6113232970,0.3020105362,18694,18573
23630,1.0116630793,0.6114611626,0.3028989136,18694,18573
23640,1.0102833509,0.6109294295,0.3030699492,18694,18573
23650,1.0059832335,0.6111627221,0.3027379215,18694,18573
23660,1.0059528351,0.6114695668,0.3033674657,18694,18573
23670,1.0022979975,0.6115894318,0.3030472100,18694,18573
23680,1.0008918047,0.6109787226,0.3024077713,18694,18565
23690,0.9992970228,0.6110200882,0.3024848402,18694,18565
23700,0.9969727397,0.6109530330,0.3024033904,18694,18565
23710,0.9932635427,0.6107882857,0.3019265234,18694,18565
23720,0.9923514128,0.6107265949,0.3025937676,18694,18565
23730,0.9907522798,0.6106206179,0.3026431203,18694,18565
23740,0.9886010885,0.6104727387,0.3025500178,18694,18565
23750,0.9844166636,0.6103034019,0.3019277155,18694,18565
23760,0.9830215573,0.6110252738,0.3021285832,18694,18565
23770,0.9809777141,0.6102998853,0.3032097220,18694,18565
23780,0.9797214270,0.6102994084,0.3033666015,18694,18565
23790,0.9770789742,0.6102265716,0.3031800389,18694,18565
23800,0.9743371010,0.6101253629,0.3029414117,18694,18565
23810,0.9714002013,0.6100704670,0.3027703464,18694,18565
23820,0.9705736637,0.6101341844,0.3030191958,18694,18565
23830,0.9683349133,0.6102253199,0.3029157817,18694,18565
23840,0.9653979540,0.6102176905,0.3026273251,18694,18565
23850,0.9624508619,0.6100782156,0.3029532731,18694,18565
23860,0.9616954327,0.6101297140,0.3032238483,18694,18565
23870,0.9610487819,0.6101868153,0.3034860194,18694,18565
23880,0.9569763541,0.6098701954,0.3030462563,18694,18565
23890,0.9555634260,0.6097099781,0.3031901419,18694,18565
23900,0.9533775449,0.6095517278,0.3042187989,18694,18565
23910,0.9518591166,0.6094883084,0.3043191135,18694,18565
23920,0.9488803744,0.6094635725,0.3041089177,18687,18565
23930,0.9472105503,0.6094666719,0.3041930497,18687,18565
23940,0.9441215992,0.6095144749,0.3035324812,18687,18565
23950,0.9431738257,0.6096606851,0.3037248552,18687,18565
23960,0.9408941269,0.6097704768,0.3036128283,18687,18565
23970,0.9393815994,0.6097860336,0.3036794960,18687,18565
23980,0.9350885153,0.6097520590,0.3030285239,18687,18565
23990,0.9343972802,0.6096875668,0.3032604754,18687,18565
24000,0.9309513569,0.6094496250,0.3028851151,18687,18565
24010,0.9303948283,0.6092585325,0.3032237589,18687,18565
24020,0.9276705980,0.6091104746,0.3029666245,18687,18565
24030,0.9256789684,0.6091189981,0.3025346696,18687,18565
24040,0.9235910773,0.6097183228,0.3024062216,18687,18565
24050,0.9221513271,0.6090649366,0.3024035692,18687,18565
24060,0.9198334813,0.6083709598,0.3022086024,18687,18565
24070,0.9189440012,0.6083344817,0.3026000559,18687,18565
24080,0.9142534137,0.6083484888,0.3020789325,18687,18565
24090,0.9125341177,0.6084233522,0.3020154536,18687,18565
24100,0.9093855023,0.6086381078,0.3016113341,18687,18565
24110,0.9093276262,0.6086542606,0.3021343350,18687,18565
24120,0.9078309536,0.6072711349,0.3024680912,18687,18565
24130,0.9044348598,0.6079105139,0.3021547198,18687,18565
24140,0.9025092125,0.6079988480,0.3020963967,18687,18565
24150,0.9004620314,0.6080507040,0.3020071387,18687,18565
24160,0.8983607292,0.6080569625,0.3015445471,18687,18565
24170,0.8961760402,0.6073822975,0.3014155030,18687,18565
24180,0.8947314024,0.6087900996,0.3014369905,18687,18565
24190,0.8924682140,0.6087257266,0.3012712896,18687,18565
24200,0.8901009560,0.6085919738,0.3021958470,18687,18565
24210,0.8884868622,0.6084183455,0.3022334278,18687,18565
24220,0.8876243234,0.6082951427,0.3024284244,18687,18565
24230,0.8824408054,0.6079856157,0.3017872274,18687,18565
24240,0.8815894723,0.6077358127,0.3021554053,18687,18565
24250,0.8793092370,0.6075118780,0.3020225465,18687,18565
24260,0.8787015676,0.6081596017,0.3022777140,18687,18565
24270,0.8744273186,0.6081055403,0.3017883599,18687,18565
24280,0.8731150627,0.6081555486,0.3019445539,18687,18565
24290,0.8702856302,0.6083485484,0.3025648296,18687,18565
24300,0.8696792126,0.6085951924,0.3028395176,18687,18565
24310,0.8675612211,0.6080389619,0.3028155863,18687,18565
24320,0.8646901846,0.6081034541,0.3026224375,18687,18565
24330,0.8610208035,0.6081340909,0.3021720052,18687,18565
24340,0.8602260947,0.6080982685,0.3023489714,18687,18565
24350,0.8587338924,0.6072443128,0.3024254739,18687,18565
24360,0.8558248878,0.6070368886,0.3021907508,18687,18565
24370,0.8551436663,0.6068844795,0.3025287390,18687,18565
24380,0.8508149981,0.6067938209,0.3023707569,18687,18565
24390,0.8500700593,0.6067014337,0.3026557267,18687,18565
24400,0.8463880420,0.6062315702,0.3023036420,18687,18565
24410,0.8450800776,0.6065261364,0.3025074899,18687,18565
24420,0.8415262699,0.6062169671,0.3020826578,18692,18565
24430,0.8408878446,0.6058340669,0.3031541407,18692,18565
24440,0.8380833864,0.6053913236,0.3030354977,18692,18565
24450,0.8360524774,0.6055780649,0.3030708730,18692,18565
24460,0.8340346217,0.6042633057,0.3031061888,18692,18565
24470,0.8319785595,0.6043910384,0.3034885526,18692,18565
24480,0.8283479810,0.6029005647,0.3032219708,18692,18565
24490,0.8276364207,0.6035235524,0.3036590219,18692,18565
24500,0.8247104883,0.6029664278,0.3034971356,18692,18565
24510,0.8231587410,0.6031025648,0.3041981161,18692,18565
24520,0.8201969862,0.6027482152,0.3041053712,18692,18565
24530,0.8177507520,0.6024560332,0.3041533530,18692,18565
24540,0.8160254955,0.6027549505,0.3043752909,18692,18565
24550,0.8144849539,0.6016309261,0.3045871258,18692,18565
24560,0.8109571338,0.6016584635,0.3033164442,18692,18565
24570,0.8095651269,0.6017203331,0.3034424782,18692,18565
24580,0.8073115349,0.6015750766,0.3033527434,18692,18565
24590,0.8059058189,0.6014721394,0.3034768403,18692,18565
24600,0.8058868647,0.6015096903,0.3043727875,18692,18565
24610,0.8023793101,0.6014547348,0.3041454256,18692,18565
24620,0.8008000851,0.6014587283,0.3041882813,18692,18565
24630,0.7976658940,0.6014472246,0.3038723469,18692,18565
24640,0.7963965535,0.6007996202,0.3040437996,18692,18565
24650,0.7932432890,0.6007854342,0.3015860021,18692,18565
24660,0.7913646698,0.6008242369,0.3013914526,18692,18565
24670,0.7896708250,0.6009904146,0.3012391329,18692,18565
24680,0.7880777121,0.6009913087,0.3011301160,18692,18565
24690,0.7857990265,0.6007629633,0.3028584421,18692,18565
24700,0.7837102413,0.6007328033,0.3027074635,18692,18565
24710,0.7815851569,0.6013076901,0.3025310338,18692,18565
24720,0.7801157832,0.6012786627,0.3025751710,18692,18565
24730,0.7773720622,0.6017138362,0.3025256395,18692,18565
24740,0.7758630514,0.6014147401,0.3025440872,18692,18565
24750,0.7729920745,0.6010648012,0.3022373915,18692,18565
24760,0.7721167207,0.6017946601,0.3024804592,18692,18565
24770,0.7691551447,0.6016994119,0.3021156788,18692,18565
24780,0.7681515217,0.6014982462,0.3021966815,18692,18565
24790,0.7644355297,0.6018760204,0.3016923070,18692,18565
24800,0.7627809048,0.6016596556,0.3016520739,18692,18565
24810,0.7604393959,0.6015905142,0.3013857305,18692,18565
24820,0.7589614391,0.6016088724,0.3012468517,18692,18565
24830,0.7575920820,0.6023319960,0.3012106717,18692,18565
24840,0.7548871636,0.6021375656,0.3008861542,18692,18565
24850,0.7542672753,0.6027745008,0.3010770082,18692,18565
24860,0.7513585687,0.6026774049,0.3016146421,18692,18565
24870,0.7505741119,0.6026693583,0.3017319441,18692,18565
24880,0.7468518615,0.6024940610,0.3013222516,18692,18565
24890,0.7451079488,0.6024011374,0.3012840748,18692,18565
24900,0.7433096170,0.6029750109,0.3012388945,18692,18565
24910,0.7422503233,0.6035573483,0.3020308018,18692,18565
24920,0.7391524911,0.6033454537,0.3017545938,18691,18565
24930,0.7383067608,0.6031786799,0.3019859493,18691,18565
24940,0.7360532284,0.6029862761,0.3018450737,18691,18565
24950,0.7338987589,0.6035435200,0.3018455803,18691,18565
24960,0.7310441732,0.6034588218,0.3016195595,18691,18565
24970,0.7295438051,0.6034017205,0.3016772866,18691,18565
24980,0.7273215652,0.6032915115,0.3015451133,18691,18565
24990,0.7275325656,0.6033093333,0.3012509048,18691,18565
25000,0.7230640054,0.6033528447,0.3008047640,18691,18565
25010,0.7223233581,0.6048255563,0.3010067046,18691,18565
25020,0.7184455395,0.6042422056,0.3005093038,18691,18565
25030,0.7184357643,0.6041933298,0.3010225594,18691,18565
25040,0.7153365612,0.6048616767,0.3011496365,18691,18565
25050,0.7146000862,0.6047134995,0.3013399541,18691,18565
25060,0.7124191523,0.6053237319,0.3012133539,18691,18565
25070,0.7102463841,0.6052110195,0.3010892272,18691,18565
25080,0.7088021636,0.6049953103,0.3015017807,18691,18565
25090,0.7050393820,0.6042706370,0.3011343777,18691,18565
25100,0.7050730586,0.6040782928,0.3015555739,18691,18565
25110,0.7036138773,0.6040393710,0.3015902638,18691,18565
25120,0.7023678422,0.6040822864,0.3016773164,18691,18565
25130,0.6983684301,0.6035669446,0.3019013107,18691,18565
25140,0.6976442337,0.6044704914,0.3021626770,18691,18565
25150,0.6960684657,0.6039951444,0.3021903932,18691,18565
25160,0.6942005754,0.6035414338,0.3021590710,18691,18565
25170,0.6919640303,0.6037692428,0.3028414249,18691,18557
25180,0.6901159883,0.6038972735,0.3028346002,18691,18557
25190,0.6864460707,0.6041218042,0.3024900556,18691,18557
25200,0.6859702468,0.6042201519,0.3028426766,18691,18557
25210,0.6823340058,0.6027166247,0.3030694723,18691,18557
25220,0.6820198894,0.6034297943,0.3034300208,18691,18557
25230,0.6787656546,0.6026647687,0.3031501770,18691,18557
25240,0.6780626178,0.6027686000,0.3034684360,18691,18557
25250,0.6744165421,0.6028966308,0.3030304611,18691,18557
25260,0.6739683747,0.6031156778,0.3028704822,18691,18557
25270,0.6706080437,0.6018496156,0.3025335073,18691,18557
25280,0.6702190638,0.6020958424,0.3028872013,18691,18557
25290,0.6667069793,0.6025066376,0.3025114536,18691,18557
25300,0.6660774350,0.6027721763,0.3033373356,18691,18557
25310,0.6630160809,0.6023927331,0.3031411171,18691,18557
25320,0.6598175168,0.6025870442,0.3028429747,18691,18557
25330,0.6596030593,0.6025819182,0.3033029139,18691,18557
25340,0.6572612524,0.6025658250,0.3031359613,18691,18557
25350,0.6565471888,0.6014597416,0.3027951717,18691,18557
25360,0.6527806520,0.6025109887,0.3023644388,18691,18557
25370,0.6512983441,0.6022469401,0.3023544848,18691,18557
25380,0.6491706967,0.6021507382,0.3021667600,18691,18557
25390,0.6484638453,0.6021160483,0.3029993474,18691,18557
25400,0.6455768347,0.6029638052,0.3027206957,18691,18557
25410,0.6440719366,0.6030645370,0.3027130067,18691,18557
25420,0.6410228014,0.6024745703,0.3023551106,18695,18557
25430,0.6393269300,0.6024931073,0.3030343950,18695,18557
25440,0.6370353103,0.6023486257,0.3029209077,18695,18557
25450,0.6362308264,0.6026846766,0.3031536937,18695,18557
25460,0.6334089637,0.6024359465,0.3029100895,18695,18557
25470,0.6333529353,0.6036121249,0.3034576178,18695,18557
25480,0.6298696995,0.6012498140,0.3035021126,18695,18557
25490,0.6269545555,0.6025181413,0.3033783734,18695,18557
25500,0.6254199743,0.6031630635,0.3035092056,18695,18557
25510,0.6239576936,0.6023309827,0.3036462069,18695,18557
25520,0.6209726334,0.6023240685,0.3032084107,18695,18557
25530,0.6194881201,0.6023663282,0.3032999933,18695,18557
25540,0.6180397868,0.6016567349,0.3033685386,18695,18557
25550,0.6151061654,0.6016731262,0.3031237423,18695,18557
25560,0.6137078404,0.6009284258,0.3032430708,18695,18557
25570,0.6115393043,0.6009306312,0.3026551306,18695,18557
25580,0.6108781695,0.6011832952,0.3028639257,18695,18557
25590,0.6063356996,0.6013537645,0.3023205698,18695,18557
25600,0.6055623293,0.6014769077,0.3026460707,18695,18557
25610,0.6039913297,0.6001830101,0.3032021523,18695,18557
25620,0.6024405956,0.6003401279,0.3032614291,18695,18557
25630,0.5987142920,0.6004281640,0.3028974533,18695,18557
25640,0.5978713632,0.6011573076,0.3032343388,18695,18557
25650,0.5956262946,0.6004162431,0.3043141663,18695,18557
25660,0.5942329764,0.6005100608,0.3044526279,18695,18557
25670,0.5920653343,0.6005305052,0.3044409454,18695,18557
25680,0.5905835629,0.6005177498,0.3045971394,18695,18548
25690,0.5876215100,0.6005597115,0.3044226766,18695,18548
25700,0.5860858560,0.6006588936,0.3056257665,18695,18548
25710,0.5824241042,0.5993209481,0.3053792715,18695,18548
25720,0.5815523863,0.5993944407,0.3057856858,18695,18548
25730,0.5799925327,0.5994127393,0.3060036302,18695,18548
25740,0.5791858435,0.5994628668,0.3071333170,18695,18548
25750,0.5747235417,0.5995945930,0.3068885505,18695,18548
25760,0.5731967092,0.5989962816,0.3071262538,18695,18548
25770,0.5708355904,0.5991836786,0.3071304262,18695,18548
25780,0.5693175793,0.5993128419,0.3055700958,18695,18548
25790,0.5664068460,0.5987765193,0.3053537607,18695,18548
25800,0.5656575561,0.5988593698,0.3056338429,18695,18548
25810,0.5642709732,0.5988212824,0.3057248592,18695,18548
25820,0.5614795685,0.5981271267,0.3054606318,18695,18548
25830,0.5594049096,0.5982155800,0.3047363162,18695,18548
25840,0.5571991801,0.5982613564,0.3045584857,18695,18548
25850,0.5564279556,0.5982807875,0.3047259152,18695,18548
25860,0.5535458326,0.5984037519,0.3043825924,18695,18548
25870,0.5519564748,0.5984789729,0.3037813008,18695,18548
25880,0.5489269495,0.5985836983,0.3033885956,18695,18548
25890,0.5488116741,0.5986370444,0.3036600351,18695,18548
25900,0.5458233356,0.5987191796,0.3032665551,18695,18548
25910,0.5442052484,0.5987412930,0.3031999171,18695,18548
25920,0.5418660641,0.5986805558,0.3024775088,18704,18548
25930,0.5402074456,0.5985633731,0.3023951054,18704,18548
25940,0.5372664332,0.5984334350,0.3020059466,18704,18548
25950,0.5356900692,0.5983217359,0.3019940257,18704,18548
25960,0.5334357023,0.5982591510,0.3030444980,18704,18548
25970,0.5319796205,0.5989270210,0.3031084836,18704,18548
25980,0.5299387574,0.5989544988,0.3030148447,18704,18548
25990,0.5272282362,0.5990298986,0.3027530909,18704,18548
26000,0.5251103640,0.5996852517,0.3032090366,18704,18548
26010,0.5244059563,0.5988462567,0.3034740388,18704,18548
26020,0.5208803415,0.5995277762,0.3031460047,18704,18548
26030,0.5193538070,0.5994163156,0.3032514751,18704,18548
26040,0.5164406300,0.5986494422,0.3029484451,18704,18548
26050,0.5154676437,0.5985179543,0.3052441180,18704,18548
26060,0.5140124559,0.5992332101,0.3054483831,18704,18548
26070,0.5117311478,0.5991060734,0.3054564595,18704,18548
26080,0.5109662414,0.5992494226,0.3058164418,18704,18548
26090,0.5071985722,0.5995258689,0.3056791425,18704,18548
26100,0.5061552525,0.5998391509,0.3059028983,18704,18548
26110,0.5036569238,0.5994617343,0.3058240414,18704,18548
26120,0.5019775629,0.6003159881,0.3059062660,18704,18548
26130,0.4988599122,0.6005545855,0.3056040108,18704,18548
26140,0.4972415268,0.6004445553,0.3058421612,18704,18548
26150,0.4949685931,0.5996617675,0.3057526648,18704,18548
26160,0.4941315949,0.5994486213,0.3059822917,18704,18548
26170,0.4912836254,0.6009618044,0.3057048917,18704,18559
26180,0.4891429543,0.6009538770,0.3048933744,18704,18559
26190,0.4870166779,0.6010085344,0.3047296405,18704,18559
26200,0.4856148362,0.6008599997,0.3047172725,18704,18559
26210,0.4826595783,0.6008602977,0.3042816818,18704,18559
26220,0.4813062847,0.6007724404,0.3021350205,18704,18559
26230,0.4791144729,0.6001948714,0.3017750084,18704,18559
26240,0.4777255058,0.6002783179,0.3015888035,18704,18559
26250,0.4748577774,0.6012653708,0.3010608554,18704,18559
26260,0.4734685421,0.6015928388,0.3008867204,18704,18559
26270,0.4698714614,0.6005198956,0.3003332913,18704,18559
26280,0.4699140489,0.6006105542,0.3005310595,18704,18559
26290,0.4678815901,0.6008193493,0.3001946509,18704,18559
26300,0.4649247527,0.6008262634,0.2996414304,18704,18559
26310,0.4634168744,0.6008098125,0.2992808819,18704,18559
26320,0.4604400694,0.6017330885,0.2987728417,18704,18559
26330,0.4588179290,0.6009274721,0.2985856235,18704,18559
26340,0.4566656947,0.6016089320,0.2982501388,18704,18559
26350,0.4559510946,0.6014444232,0.2986117899,18704,18559
26360,0.4523380101,0.6007834673,0.2980990708,18704,18559
26370,0.4508944750,0.6014782786,0.2980131507,18704,18559
26380,0.4486753941,0.6017501950,0.2977369130,18704,18559
26390,0.4472359717,0.6017616391,0.2976951897,18704,18559
26400,0.4451573193,0.6018819809,0.2968009114,18704,18559
26410,0.4429527223,0.6020128131,0.2965698838,18704,18559
26420,0.4407632053,0.6021426320,0.2963788807,18701,18559
26430,0.4392310083,0.6021613479,0.2963931262,18701,18559
26440,0.4362905622,0.6023045182,0.2964200675,18701,18559
26450,0.4348158538,0.6015633941,0.2964883745,18701,18559
26460,0.4326510131,0.6030246019,0.2964119315,18701,18559
26470,0.4318853915,0.6029552817,0.2967081666,18701,18559
26480,0.4283036888,0.6023578644,0.2963263094,18701,18559
26490,0.4268331826,0.6022961140,0.2967190146,18701,18559
26500,0.4246138334,0.6023021936,0.2966969907,18701,18559
26510,0.4231432676,0.6037992835,0.2968666553,18701,18559
26520,0.4224246442,0.6039261222,0.2972121537,18701,18559
26530,0.4181817472,0.6041223407,0.2963931859,18701,18559
26540,0.4179610610,0.6039918065,0.2968482673,18701,18559
26550,0.4149826467,0.6039292216,0.2966398299,18701,18559
26560,0.4133957624,0.6037923098,0.2967689335,18701,18559
26570,0.4102675319,0.6036614776,0.2978973687,18701,18559
26580,0.4093803167,0.6042027473,0.2982604802,18701,18559
26590,0.4063218534,0.6041148305,0.2981289923,18701,18559
26600,0.4048507512,0.6040508151,0.2984051704,18701,18559
26610,0.4028544724,0.6041196585,0.2985125184,18701,18559
26620,0.4021989703,0.6047908068,0.2994914055,18701,18559
26630,0.3987312019,0.6043120027,0.2993667722,18701,18559
26640,0.3973451853,0.6044601798,0.2996658385,18701,18559
26650,0.3937255740,0.6059555411,0.2993851006,18701,18559
26660,0.3920378387,0.6054260731,0.3018809855,18701,18559
26670,0.3890033066,0.6054332852,0.3019080460,18701,18546
26680,0.3890057802,0.6068100333,0.3026828468,18701,18546
26690,0.3862570524,0.6067264080,0.3027534187,18701,18546
26700,0.3842060864,0.6065028310,0.3029771745,18701,18546
26710,0.3806612492,0.6070907712,0.3037425876,18701,18546
26720,0.3801221848,0.6076304317,0.3043606579,18701,18546
26730,0.3772924840,0.6081326604,0.3044147491,18701,18546
26740,0.3757967353,0.6077846885,0.3048133552,18701,18546
26750,0.3721487820,0.6075428724,0.3035895228,18701,18546
26760,0.3706412613,0.6072505713,0.3038499057,18701,18546
26770,0.3698826432,0.6071745753,0.3042583764,18701,18546
26780,0.3669910431,0.6069926620,0.3041314781,18701,18546
26790,0.3658236563,0.6070376039,0.3038433492,18701,18546
26800,0.3630297780,0.6071621776,0.3037196100,18701,18546
26810,0.3625041544,0.6074800491,0.3040052652,18701,18546
26820,0.3588509262,0.6078141928,0.3036753237,18701,18546
26830,0.3574103415,0.6083268523,0.3037555218,18701,18546
26840,0.3559515774,0.6085823774,0.3038668036,18701,18546
26850,0.3543587327,0.6087088585,0.3038636446,18701,18546
26860,0.3503148556,0.6084314585,0.3034131527,18701,18546
26870,0.3486210108,0.6081218719,0.3034201860,18701,18546
26880,0.3461192846,0.6077767015,0.3035158813,18701,18546
26890,0.3445470929,0.6075650454,0.3035110533,18701,18546
26900,0.3415652812,0.6089749932,0.3032285869,18701,18546
26910,0.3402173519,0.6083550453,0.3033091426,18701,18546
26920,0.3381839395,0.6085858941,0.3031892478,18700,18546
26930,0.3369763494,0.6087666750,0.3039519787,18700,18546
26940,0.3342477679,0.6089129448,0.3037306666,18700,18546
26950,0.3330683708,0.6091542840,0.3038241267,18700,18546
26960,0.3301692307,0.6092339158,0.3035553694,18700,18546
26970,0.3294965327,0.6094765663,0.3038634062,18700,18546
26980,0.3262561262,0.6094597578,0.3035886586,18700,18546
26990,0.3260587752,0.6094242930,0.3039004803,18700,18546
27000,0.3234895468,0.6092222929,0.3037137389,18700,18546
27010,0.3208223879,0.6090044975,0.3044876158,18700,18546
27020,0.3199285567,0.6098775268,0.3046276271,18700,18546
27030,0.3159149587,0.6097577810,0.3042025268,18700,18546
27040,0.3159207106,0.6098176837,0.3046834767,18700,18546
27050,0.3129983842,0.6099668741,0.3044039011,18700,18546
27060,0.3118014038,0.6094499826,0.3022292554,18700,18546
27070,0.3104377389,0.6102756858,0.3021536767,18700,18546
27080,0.3074668348,0.6103312373,0.3017621934,18700,18546
27090,0.3052754700,0.6119147539,0.3014526963,18700,18546
27100,0.3035058677,0.6118285656,0.3023216724,18700,18546
27110,0.3017455041,0.6109367013,0.3022527993,18700,18546
27120,0.3007811904,0.6108162999,0.3023207188,18700,18546
27130,0.2968674898,0.6120409369,0.3017398119,18700,18546
27140,0.2952879071,0.6118370295,0.3026653826,18700,18546
27150,0.2931231260,0.6125085950,0.3025147319,18700,18546
27160,0.2925008833,0.6126571298,0.3027169704,18700,18546
27170,0.2894501090,0.6121506691,0.3023983836,18700,18554
27180,0.2878732681,0.6129310131,0.3024072349,18700,18554
27190,0.2840536237,0.6128225327,0.3034706414,18700,18554
27200,0.2833415568,0.6120635271,0.3037855327,18700,18554
27210,0.2804075778,0.6120394468,0.3035640419,18700,18554
27220,0.2797745764,0.6121028662,0.3039705455,18700,18554
27230,0.2769770920,0.6122384071,0.3017899394,18700,18554
27240,0.2755965590,0.6124696136,0.3017874062,18700,18554
27250,0.2726016045,0.6127671599,0.3014914691,18700,18554
27260,0.2711109519,0.6123730540,0.3015522063,18700,18554
27270,0.2696603537,0.6119220853,0.3015992343,18700,18554
27280,0.2667497396,0.6120602489,0.3002488315,18700,18554
27290,0.2660283148,0.6122518778,0.3003651500,18700,18554
27300,0.2622476816,0.6123422384,0.2998475432,18700,18554
27310,0.2614583671,0.6124970317,0.3000718951,18700,18554
27320,0.2585667968,0.6125200391,0.2985019684,18700,18554
27330,0.2578670084,0.6112428308,0.2985762954,18700,18554
27340,0.2549057007,0.6114233136,0.2981699705,18700,18554
27350,0.2541697919,0.6122717857,0.2983419895,18700,18554
27360,0.2504071295,0.6117318273,0.2990432978,18700,18554
27370,0.2481995523,0.6119540334,0.2988863289,18700,18554
27380,0.2467561215,0.6120409369,0.2989171743,18700,18554
27390,0.2453654408,0.6114726663,0.2989661098,18700,18554
27400,0.2424625754,0.6117222309,0.2986321151,18700,18554
27410,0.2402914762,0.6118969917,0.2986581624,18700,18554
27420,0.2374695092,0.6120648980,0.2983973622,18700,18554
27430,0.2367474288,0.6121143699,0.2987165749,18703,18554
27440,0.2338938713,0.6115746498,0.2984354794,18703,18554
27450,0.2324717045,0.6116027832,0.2987568676,18703,18554
27460,0.2296883464,0.6117332578,0.2985791266,18703,18554
27470,0.2289916277,0.6124409437,0.2989027798,18703,18554
27480,0.2255141437,0.6126841903,0.2985455990,18703,18554
27490,0.2247418016,0.6127240062,0.2989400029,18703,18554
27500,0.2231689394,0.6126915812,0.3002989292,18703,18554
27510,0.2189354897,0.6128928065,0.2999545336,18703,18554
27520,0.2179800421,0.6119905114,0.3003917336,18703,18554
27530,0.2157093138,0.6119291782,0.3003799319,18703,18554
27540,0.2147599161,0.6117733717,0.3008959591,18703,18554
27550,0.2111715823,0.6119379997,0.3006452322,18703,18554
27560,0.2095890194,0.6119824648,0.3008463681,18703,18554
27570,0.2080607414,0.6121266484,0.3010628223,18703,18554
27580,0.2058733553,0.6130865216,0.3014590740,18703,18554
27590,0.2043716162,0.6131726503,0.3016704321,18703,18554
27600,0.2029023170,0.6132267118,0.3018637598,18703,18554
27610,0.2000666857,0.6133109927,0.3017404377,18703,18554
27620,0.1984723955,0.6131361723,0.3019475341,18703,18554
27630,0.1947445720,0.6130968928,0.3029870093,18703,18554
27640,0.1938275844,0.6142475009,0.3034433424,18703,18554
27650,0.1909023970,0.6142225862,0.3033601642,18703,18554
27660,0.1893982291,0.6139197350,0.3036743701,18703,18554
27670,0.1866796315,0.6138548255,0.3037439883,18703,18546
27680,0.1857712269,0.6141422987,0.3041073978,18703,18546
27690,0.1827744842,0.6152865291,0.3039627969,18703,18546
27700,0.1825421602,0.6162778735,0.3044228852,18703,18546
27710,0.1793615818,0.6156854033,0.3043810725,18703,18546
27720,0.1799228787,0.6156758070,0.3028731942,18703,18546
27730,0.1767896712,0.6171531081,0.3026468754,18703,18546
27740,0.1760582775,0.6178674102,0.3025347590,18703,18546
27750,0.1752694100,0.6179680824,0.3024452925,18703,18546
27760,0.1721336246,0.6180197001,0.3021197319,18703,18546
27770,0.1709565371,0.6184856296,0.3019719422,18703,18546
27780,0.1681330204,0.6183346510,0.3020283282,18703,18546
27790,0.1667411923,0.6179643869,0.3020114601,18703,18546
27800,0.1640913337,0.6185088754,0.3025080264,18703,18546
27810,0.1633971930,0.6185054183,0.3024877608,18703,18546
27820,0.1613022685,0.6193296909,0.3023565710,18703,18546
27830,0.1605747789,0.6206694841,0.3021481037,18703,18546
27840,0.1587473005,0.6216970682,0.3019746244,18703,18546
27850,0.1574714929,0.6226693392,0.3023433089,18703,18546
27860,0.1557229459,0.6238697171,0.3022174835,18703,18546
27870,0.1541921645,0.6247585416,0.3020953238,18703,18546
27880,0.1522800475,0.6250501871,0.3020554483,18703,18546
27890,0.1517063826,0.6263601184,0.3002735972,18703,18546
27900,0.1496021152,0.6253176928,0.3002669811,18703,18546
27910,0.1488371938,0.6264668107,0.3000070751,18703,18546
27920,0.1470560282,0.6276735067,0.2998442650,18703,18546
27930,0.1450947374,0.6250304580,0.3000156581,18703,18546
27940,0.1438430548,0.6253044605,0.3003604114,18703,18546
27950,0.1431000382,0.6278519034,0.3001125455,18703,18546
27960,0.1453150660,0.6353731155,0.2994185090,18703,18546
27970,0.1440077275,0.6358101368,0.2993747294,18703,18546
27980,0.1426469088,0.6361496449,0.2992017865,18703,18546
27990,0.1425319314,0.6383258104,0.2988811731,18703,18546
28000,0.1401814818,0.6364654303,0.2991571426,18703,18546
28010,0.1388085932,0.6379169226,0.2990503311,18703,18546
28020,0.1368673891,0.6358902454,0.2964820266,18703,18546
28030,0.1385248154,0.6434870958,0.2958351374,18703,18546
28040,0.1377811134,0.6445014477,0.2955697477,18703,18546
28050,0.1362510771,0.6433151364,0.2955777645,18703,18546
28060,0.1366237104,0.6467065215,0.2950809002,18703,18546
28070,0.1360533983,0.6476333737,0.2962642908,18703,18546
28080,0.1359588355,0.6522981524,0.2958012819,18703,18546
28090,0.1355473995,0.6538620591,0.2955577374,18703,18546
28100,0.1345705837,0.6541416049,0.2955643535,18703,18546
28110,0.1344187856,0.6566033959,0.2956984341,18703,18546
28120,0.1337513030,0.6577453017,0.2955836356,18703,18546
28130,0.1342668086,0.6608332396,0.2951991856,18703,18546
28140,0.1331988424,0.6608525515,0.2953529656,18703,18546
28150,0.1333782077,0.6645647287,0.2949334681,18703,18546
28160,0.1325179487,0.6650492549,0.2961834073,18703,18546
28170,0.1330236644,0.6698171496,0.2957718074,18703,18546
28180,0.1330510229,0.6710420251,0.2958338261,18703,18550
28190,0.1326456815,0.6725917459,0.2958847880,18703,18550
28200,0.1326536089,0.6729994416,0.2964248061,18703,18550
28210,0.1332755387,0.6784980893,0.2959790826,18703,18550
28220,0.1324216872,0.6779735684,0.2965646982,18703,18550
28230,0.1321880966,0.6775280237,0.2970197499,18703,18550
28240,0.1327075809,0.6808339953,0.2976969481,18703,18550
28250,0.1322977990,0.6834130883,0.2977363765,18703,18550
28260,0.1326083243,0.6868684292,0.2975953221,18703,18550
28270,0.1325796396,0.6872254014,0.2980537713,18703,18550
28280,0.1327664554,0.6900882125,0.2979610860,18703,18550
28290,0.1324007362,0.6915694475,0.2997595370,18703,18550
28300,0.1335860342,0.6950970292,0.2996908724,18703,18550
28310,0.1332416087,0.6956396103,0.3002319932,18703,18550
28320,0.1338528097,0.6970573068,0.3005494475,18703,18550
28330,0.1344403476,0.6977341771,0.3014989197,18703,18550
28340,0.1336812675,0.7022402287,0.3013519943,18703,18550
28350,0.1341312081,0.7038493752,0.3016991019,18703,18550
28360,0.1335564554,0.7058692575,0.3018475771,18703,18550
28370,0.1333172321,0.7061507106,0.3025770485,18703,18550
28380,0.1336861253,0.7076249719,0.3013756573,18703,18550
28390,0.1331457347,0.7095297575,0.3014602661,18703,18550
28400,0.1331731826,0.7134023905,0.3011105061,18703,18550
28410,0.1352492869,0.7155793905,0.3013778329,18703,18550
28420,0.1343487054,0.7168550491,0.3014150262,18703,18550
28430,0.1349957436,0.7174300551,0.3018832505,18703,18550
28440,0.1342739761,0.7202569842,0.3016756177,18703,18550
28450,0.1341965646,0.7217783332,0.3018426001,18703,18550
28460,0.1339180171,0.7239283323,0.3042517900,18703,18550
28470,0.1349394172,0.7258766294,0.3044925332,18703,18550
28480,0.1349142194,0.7275035977,0.3047137260,18703,18550
28490,0.1349827349,0.7291400433,0.3049330413,18703,18550
28500,0.1356498301,0.7300052643,0.3054473102,18703,18550
28510,0.1332155764,0.7344415188,0.3047958910,18703,18550
28520,0.1338292062,0.7360593677,0.3051786423,18703,18550
28530,0.1334356070,0.7386557460,0.3050135672,18703,18550
28540,0.1345548481,0.7397047281,0.3057994246,18703,18550
28550,0.1345771402,0.7416707873,0.3059732020,18703,18550
28560,0.1357734501,0.7438089252,0.3061053455,18703,18550
28570,0.1348503083,0.7464705706,0.3058677316,18703,18550
28580,0.1352802068,0.7481164336,0.3061351180,18703,18550
28590,0.1355883777,0.7496871948,0.3063962758,18703,18550
28600,0.1362067610,0.7508340478,0.3056641221,18703,18550
28610,0.1351573318,0.7535826564,0.3053897023,18703,18550
28620,0.1349347979,0.7557129860,0.3052671850,18703,18550
28630,0.1347465217,0.7579551339,0.3050774336,18703,18550
28640,0.1353748739,0.7594150901,0.3055706322,18703,18550
28650,0.1356056035,0.7612640262,0.3055571914,18703,18550
28660,0.1373532414,0.7628811598,0.3057229221,18703,18550
28670,0.1369200051,0.7653198838,0.3054476678,18703,18546
28680,0.1369943321,0.7674134970,0.3051733673,18703,18546
28690,0.1371649057,0.7706241012,0.3047254384,18703,18546
28700,0.1368606240,0.7711862922,0.3051145971,18703,18546
28710,0.1372470111,0.7723449469,0.3052457869,18703,18546
28720,0.1379307210,0.7745400071,0.3050633371,18703,18546
28730,0.1377783418,0.7760896683,0.3057477772,18703,18546
28740,0.1366974264,0.7789947987,0.3053239584,18703,18546
28750,0.1375439465,0.7798152566,0.3055978119,18703,18546
28760,0.1368606538,0.7823776007,0.3051902056,18703,18546
28770,0.1374006867,0.7836149335,0.3043426573,18703,18546
28780,0.1379155517,0.7848079801,0.3043028712,18703,18546
28790,0.1381870210,0.7865810990,0.3040900826,18703,18546
28800,0.1384703666,0.7883690000,0.3038514256,18703,18546
28810,0.1386523694,0.7901072502,0.3036064208,18703,18546
28820,0.1382170171,0.7927882075,0.3012112081,18703,18546
28830,0.1384283602,0.7941102982,0.3010011315,18703,18546
28840,0.1395169497,0.7960776687,0.3006452024,18703,18546
28850,0.1399343312,0.7967213988,0.3006877303,18703,18546
28860,0.1397756189,0.7982875705,0.2996773422,18703,18546
28870,0.1405948699,0.7999404073,0.2993320823,18703,18546
28880,0.1393009275,0.8035232425,0.2984549701,18703,18546
28890,0.1394731700,0.8045423627,0.2984068692,18703,18546
28900,0.1388957053,0.8072326779,0.2993985713,18703,18546
28910,0.1392892450,0.8083357811,0.2993701696,18703,18546
28920,0.1399562955,0.8088820577,0.2994988561,18703,18546
28930,0.1395856440,0.8114019632,0.2990610003,18708,18546
28940,0.1398508400,0.8129630685,0.2989246547,18708,18546
28950,0.1393249482,0.8161923289,0.3000491858,18708,18546
28960,0.1399146914,0.8173049092,0.3002021909,18708,18546
28970,0.1401303560,0.8189211488,0.3001630008,18708,18546
28980,0.1405625045,0.8200573325,0.3002924323,18708,18546
28990,0.1403986365,0.8221442103,0.3012261689,18708,18546
29000,0.1406064332,0.8231855631,0.3014039099,18708,18546
29010,0.1398360729,0.8263549209,0.3010601401,18708,18546
29020,0.1409896016,0.8276346326,0.3013025820,18708,18546
29030,0.1406153589,0.8305149078,0.3009555936,18708,18546
29040,0.1408863962,0.8311536312,0.3025875092,18708,18546
29050,0.1409094036,0.8327801228,0.3027037382,18708,18546
29060,0.1409764141,0.8344580531,0.3028152287,18708,18546
29070,0.1414765716,0.8371580243,0.3026378751,18708,18546
29080,0.1415379047,0.8387372494,0.3020909727,18708,18546
29090,0.1413042694,0.8414139748,0.3018591404,18708,18546
29100,0.1417121440,0.8424511552,0.3021272719,18708,18546
29110,0.1413004398,0.8432816863,0.3024404347,18708,18546
29120,0.1410431564,0.8459452391,0.3033109903,18708,18546
29130,0.1416174471,0.8485677838,0.3032033145,18708,18546
29140,0.1420059800,0.8494765759,0.3035208285,18708,18546
29150,0.1418798268,0.8521851897,0.3033270538,18708,18546
29160,0.1423835605,0.8525546193,0.3038700819,18708,18546
29170,0.1427133828,0.8535566330,0.3049027026,18708,18553
29180,0.1426401138,0.8557244539,0.3049131930,18708,18553
29190,0.1427347660,0.8573933840,0.3050082028,18708,18553
29200,0.1423619390,0.8603590727,0.3047784865,18708,18553
29210,0.1423373073,0.8621580005,0.3037336171,18708,18553
29220,0.1421014369,0.8646750450,0.3035432994,18708,18553
29230,0.1423896551,0.8652993441,0.3038774431,18708,18553
29240,0.1425382793,0.8664047122,0.3040134311,18708,18553
29250,0.1427297145,0.8673714995,0.3041697741,18708,18553
29260,0.1423671246,0.8707723022,0.3033377230,18708,18553
29270,0.1423921734,0.8730167150,0.3031272292,18708,18553
29280,0.1422048062,0.8765558004,0.3024905920,18708,18553
29290,0.1428293884,0.8770136237,0.3030261695,18708,18553
29300,0.1431098729,0.8784225583,0.3038462698,18708,18553
29310,0.1432182193,0.8808795810,0.3036608696,18708,18553
29320,0.1423458457,0.8838613033,0.3033306599,18708,18553
29330,0.1423070729,0.8857930899,0.3032630980,18708,18553
29340,0.1423884481,0.8872038126,0.3035857379,18708,18553
29350,0.1426643729,0.8879930973,0.3037794530,18708,18553
29360,0.1421511918,0.8933269978,0.3029837906,18708,18553
29370,0.1425718665,0.8942849040,0.3033367991,18708,18553
29380,0.1427145004,0.8971201777,0.3029693663,18708,18553
29390,0.1417585164,0.8979230523,0.3036660254,18708,18553
29400,0.1417243034,0.9011931419,0.3032926321,18708,18553
29410,0.1427405775,0.9017606378,0.3036715090,18708,18553
29420,0.1427181214,0.9048135877,0.3033223748,18708,18553
29430,0.1429316103,0.9060124159,0.3024795353,18706,18553
29440,0.1431298107,0.9072394371,0.3024976552,18706,18553
29450,0.1431007981,0.9091779590,0.3023666143,18706,18553
29460,0.1430218369,0.9113233089,0.3022034466,18706,18553
29470,0.1428134143,0.9151110053,0.3016105890,18706,18553
29480,0.1428210586,0.9167907834,0.3012860417,18706,18553
29490,0.1428508013,0.9179171324,0.3013448715,18706,18553
29500,0.1420898736,0.9188036323,0.3014565706,18706,18553
29510,0.1428510845,0.9225258231,0.3009522557,18706,18553
29520,0.1429447383,0.9233738780,0.3014667630,18706,18553
29530,0.1429479122,0.9268698096,0.3010440469,18706,18553
29540,0.1430695206,0.9289898276,0.3009040952,18706,18553
29550,0.1432709396,0.9296160340,0.3011901677,18706,18553
29560,0.1425222903,0.9315972328,0.3010312915,18706,18553
29570,0.1433521509,0.9358842969,0.3005100787,18706,18553
29580,0.1434763670,0.9358810782,0.3009426892,18706,18553
29590,0.1443704069,0.9388105869,0.3006128371,18706,18553
29600,0.1451319456,0.9403337836,0.3006131053,18706,18553
29610,0.1450058520,0.9424715638,0.3006292582,18706,18553
29620,0.1439818740,0.9446071386,0.3005060852,18706,18553
29630,0.1445576251,0.9484034777,0.2999829352,18706,18553
29640,0.1442892700,0.9490858316,0.3003023863,18706,18553
29650,0.1440425366,0.9506155849,0.3001658916,18706,18553
29660,0.1446850151,0.9505705833,0.3004656434,18706,18553
29670,0.1454389989,0.9541567564,0.3000989258,18706,18553
29680,0.1454266310,0.9569972754,0.2997930944,18706,18545
29690,0.1452970505,0.9599424601,0.2994107604,18706,18545
29700,0.1454932094,0.9606717229,0.2989960611,18706,18545
29710,0.1462404132,0.9611132145,0.2991792262,18706,18545
29720,0.1467809975,0.9636331797,0.2989278138,18706,18545
29730,0.1483050585,0.9650157094,0.2988684773,18706,18545
29740,0.1474841535,0.9668858051,0.2992686331,18706,18545
29750,0.1496777833,0.9674144983,0.2991850972,18706,18545
29760,0.1500230134,0.9714257121,0.2990328074,18706,18545
29770,0.1503245533,0.9711833596,0.2990562916,18706,18545
29780,0.1497782320,0.9753824472,0.3009151816,18706,18545
29790,0.1503927708,0.9754259586,0.3009063303,18706,18545
29800,0.1485214382,0.9770641923,0.3011987805,18706,18545
29810,0.1472953111,0.9759252667,0.3013189733,18706,18545
29820,0.1496572196,0.9823192954,0.3015041649,18706,18545
29830,0.1508076042,0.9838331938,0.3014505804,18706,18545
29840,0.1516044736,0.9863150120,0.3014423251,18706,18545
29850,0.1506765485,0.9852683544,0.3016262054,18706,18545
29860,0.1514156759,0.9864644408,0.3016443551,18706,18545
29870,0.1537296772,0.9898848534,0.3038347960,18706,18545
29880,0.1574109346,0.9972338080,0.3038568199,18706,18545
29890,0.1552568078,0.9947500825,0.3044111133,18706,18545
29900,0.1577374339,0.9956171513,0.3044074476,18706,18545
29910,0.1549274921,0.9936738014,0.3045032322,18706,18545
29920,0.1626046747,1.0026818514,0.3046093285,18720,18545
29930,0.1609141231,1.0018655062,0.3049365878,18720,18545
29940,0.1652778536,1.0052686930,0.3048219383,18720,18545
29950,0.1612991989,1.0037276745,0.3053545058,18720,18545
29960,0.1585619152,1.0018378496,0.3067024052,18720,18545
29970,0.1595591009,1.0024179220,0.3068632483,18720,18545
29980,0.1619204581,1.0027976036,0.3068929613,18720,18545
29990,0.1637195796,1.0039112568,0.3069929481,18720,18545
30000,0.1629028469,1.0034490824,0.3060428202,18720,18545
30010,0.1685720384,1.0073399544,0.3059580624,18720,18545
30020,0.1676384062,1.0070948601,0.3061385751,18720,18545
30030,0.1739179045,1.0104299784,0.3057991862,18720,18545
30040,0.1720570028,1.0100299120,0.3049745560,18720,18545
30050,0.1757810861,1.0113431215,0.3046859801,18720,18545
30060,0.1748799533,1.0109168291,0.3047180772,18720,18545
30070,0.1776480526,1.0115153790,0.3044707775,18720,18545
30080,0.1786070317,1.0115139484,0.3043687642,18720,18545
30090,0.1814468503,1.0121876001,0.3029271364,18720,18545
30100,0.1808630228,1.0116642714,0.3028577864,18720,18545
30110,0.1833215058,1.0112192631,0.3024861813,18720,18545
30120,0.1835491061,1.0114072561,0.3024329543,18720,18545
30130,0.1891964525,1.0135389566,0.3004042804,18720,18545
30140,0.1882324666,1.0136846304,0.3003497720,18720,18545
30150,0.1884970814,1.0115190744,0.3000639975,18720,18545
30160,0.1925095767,1.0132551193,0.2995904982,18720,18545
30170,0.1956695467,1.0135983229,0.2993417382,18720,18542
30180,0.1959220469,1.0140820742,0.2992096841,18720,18542
30190,0.1982875764,1.0138558149,0.2988390625,18720,18542
30200,0.1970474720,1.0117627382,0.2988697886,18720,18542
30210,0.1990214735,1.0131543875,0.2987095714,18720,18542
30220,0.2015369534,1.0130226612,0.2980868518,18720,18542
30230,0.2020963132,1.0133292675,0.2980133891,18720,18542
30240,0.2053093761,1.0142792463,0.2976735532,18720,18542
30250,0.2074289769,1.0141857862,0.2974404097,18720,18542
30260,0.2102525979,1.0142666101,0.2957446873,18720,18542
30270,0.2102258354,1.0136967897,0.2957879305,18720,18542
30280,0.2133075744,1.0128474236,0.2953876257,18720,18542
30290,0.2152897865,1.0133067369,0.2951585352,18720,18542
30300,0.2171790451,1.0136504173,0.2949438393,18720,18542
30310,0.2191558480,1.0132619143,0.2955998778,18720,18542
30320,0.2209523916,1.0135949850,0.2954759002,18720,18542
30330,0.2214505970,1.0132045746,0.2957035601,18720,18542
30340,0.2255100608,1.0121039152,0.2951641083,18720,18542
30350,0.2273856103,1.0122458935,0.2958305478,18720,18542
30360,0.2292528898,1.0124822855,0.2957848310,18720,18542
30370,0.2305150032,1.0117698908,0.2960679531,18720,18542
30380,0.2337903082,1.0107226372,0.2957062125,18720,18542
30390,0.2360136062,1.0109511614,0.2957033217,18720,18542
30400,0.2383145541,1.0111333132,0.2955264449,18720,18542
30410,0.2388971895,1.0119664669,0.2961238921,18720,18542
30420,0.2423826009,1.0103369951,0.2959143519,18718,18542
30430,0.2433723509,1.0110300779,0.2964468300,18718,18542
30440,0.2452837676,1.0106744766,0.2947452068,18718,18542
30450,0.2478658557,1.0101792812,0.2943580449,18718,18542
30460,0.2490195781,1.0109374523,0.2949395180,18718,18542
30470,0.2511228025,1.0106643438,0.2947750092,18718,18542
30480,0.2532689273,1.0102984905,0.2937725782,18718,18542
30490,0.2554014325,1.0099016428,0.2935437262,18718,18542
30500,0.2572008073,1.0100824833,0.2935856581,18718,18542
30510,0.2590902746,1.0101591349,0.2936461568,18718,18542
30520,0.2609755397,1.0102229118,0.2937412262,18718,18542
30530,0.2631741464,1.0098443031,0.2965638638,18718,18542
30540,0.2648386359,1.0104162693,0.2970008254,18718,18542
30550,0.2669163644,1.0100133419,0.2969429493,18718,18542
30560,0.2687481940,1.0103151798,0.2972659469,18718,18542
30570,0.2707213163,1.0101562738,0.2956403792,18718,18542
30580,0.2720655203,1.0111037493,0.2959805727,18718,18542
30590,0.2738903165,1.0106881857,0.2955724597,18718,18542
30600,0.2760187089,1.0108983517,0.2957605720,18718,18542
30610,0.2782530785,1.0106760263,0.2949911654,18718,18542
30620,0.2804735601,1.0109872818,0.2952145040,18718,18542
30630,0.2819457650,1.0113869905,0.2949203253,18718,18542
30640,0.2841733396,1.0114103556,0.2950405478,18718,18542
30650,0.2856492996,1.0121560097,0.2949104309,18718,18542
30660,0.2878191769,1.0123376846,0.2969042957,18718,18542
30670,0.2891909778,1.0131498575,0.2967672646,18718,18541
30680,0.2908771634,1.0138932467,0.2971433401,18718,18541
30690,0.2929882705,1.0138654709,0.2973597646,18718,18541
30700,0.2954209447,1.0133713484,0.2975507677,18718,18541
30710,0.2964914143,1.0146902800,0.2978766859,18718,18541
30720,0.2990775108,1.0141505003,0.2977516651,18718,18541
30730,0.3017470241,1.0132822990,0.2979548573,18718,18541
30740,0.3037804365,1.0133926868,0.2996350527,18718,18541
30750,0.3057691455,1.0132902861,0.2998730540,18718,18541
30760,0.3072135448,1.0143649578,0.3000296056,18718,18541
30770,0.3086133897,1.0146948099,0.3005563021,18718,18541
30780,0.3113588393,1.0144890547,0.3003232777,18718,18541
30790,0.3130497336,1.0147159100,0.3004610837,18718,18541
30800,0.3151493073,1.0147942305,0.3005417585,18718,18541
30810,0.3163971901,1.0150955915,0.3009791374,18718,18541
30820,0.3189881146,1.0149210691,0.3008735478,18718,18541
30830,0.3207974434,1.0149712563,0.3019517362,18718,18541
30840,0.3231552839,1.0154505968,0.3019041419,18718,18541
30850,0.3242054880,1.0161978006,0.3023420274,18718,18541
30860,0.3264647722,1.0160686970,0.3024202287,18718,18541
30870,0.3287062943,1.0159428120,0.3024854958,18718,18541
30880,0.3307082951,1.0163812637,0.3027805090,18718,18541
30890,0.3324139416,1.0163098574,0.3030384779,18718,18541
30900,0.3343455791,1.0167787075,0.3030940294,18718,18541
30910,0.3360944390,1.0179238319,0.3030904531,18718,18541
30920,0.3378275037,1.0179300308,0.3027868271,18729,18541
30930,0.3395726085,1.0178914070,0.3028988838,18729,18541
30940,0.3408377767,1.0191340446,0.3029882610,18729,18541
30950,0.3431736529,1.0189894438,0.3029707372,18729,18541
30960,0.3455043733,1.0188426971,0.3029192090,18729,18541
30970,0.3476869464,1.0180337429,0.3061358035,18729,18541
30980,0.3495073617,1.0178961754,0.3063612878,18729,18541
30990,0.3524697423,1.0176193714,0.3062572479,18729,18541
31000,0.3526828587,1.0183637142,0.3069856167,18729,18541
31010,0.3556332886,1.0182673931,0.3060994744,18729,18541
31020,0.3566438258,1.0185111761,0.3063774407,18729,18541
31030,0.3595347404,1.0187824965,0.3061664999,18729,18541
31040,0.3619329929,1.0183347464,0.3060942590,18729,18541
31050,0.3633563817,1.0186818838,0.3057271838,18729,18541
31060,0.3640453517,1.0189516544,0.3059523404,18729,18541
31070,0.3670080602,1.0183160305,0.3057260513,18729,18541
31080,0.3691421449,1.0181630850,0.3056077063,18729,18541
31090,0.3719221950,1.0180795193,0.3052671850,18729,18541
31100,0.3727108240,1.0181510448,0.3052992225,18729,18541
31110,0.3753091097,1.0196100473,0.3049940169,18729,18541
31120,0.3777500689,1.0189540386,0.3048314452,18729,18541
31130,0.3806468248,1.0188423395,0.3044188619,18729,18541
31140,0.3809000254,1.0182824135,0.3041254282,18729,18541
31150,0.3838616610,1.0176668167,0.3037436903,18729,18541
31160,0.3853148520,1.0175173283,0.3036878407,18729,18541
31170,0.3872634172,1.0182785988,0.3034879565,18729,18542
31180,0.3887535036,1.0177862644,0.3036047518,18729,18542
31190,0.3900668323,1.0180073977,0.3035356104,18729,18542
31200,0.3929452598,1.0174589157,0.3031806052,18729,18542
31210,0.3937950730,1.0176925659,0.3032738864,18729,18542
31220,0.3962151110,1.0170924664,0.3029679358,18729,18542
31230,0.3972544968,1.0172169209,0.3042502701,18729,18542
31240,0.4002721310,1.0172545910,0.3039149940,18729,18542
31250,0.4021677673,1.0166219473,0.3038459718,18729,18542
31260,0.4045438468,1.0167443752,0.3035818636,18729,18542
31270,0.4063150585,1.0168323517,0.3049255908,18729,18542
31280,0.4086221159,1.0169202089,0.3047746122,18729,18542
31290,0.4095226526,1.0170336962,0.3050560355,18729,18542
31300,0.4128503799,1.0163841248,0.3046545684,18729,18542
31310,0.4136424065,1.0165302753,0.3050819337,18729,18542
31320,0.4173781574,1.0165081024,0.3037360311,18729,18542
31330,0.4182391167,1.0166109800,0.3040321171,18729,18542
31340,0.4197338521,1.0166326761,0.3040847778,18729,18542
31350,0.4218452871,1.0165735483,0.3039293885,18729,18542
31360,0.4246777892,1.0163643360,0.3053502440,18729,18542
31370,0.4263556600,1.0161969662,0.3054437041,18729,18542
31380,0.4285490811,1.0167632103,0.3053586781,18729,18542
31390,0.4302715063,1.0164322853,0.3054804802,18729,18542
31400,0.4330850840,1.0161511898,0.3059095144,18729,18542
31410,0.4347091317,1.0162448883,0.3060416579,18729,18542
31420,0.4357083440,1.0162510872,0.3063594997,18729,18542
31430,0.4385060668,1.0154087543,0.3061507344,18726,18542
31440,0.4406193197,1.0154083967,0.3061007559,18726,18542
31450,0.4422208071,1.0154485703,0.3065648675,18726,18542
31460,0.4437597394,1.0154261589,0.3066659272,18726,18542
31470,0.4460065663,1.0147254467,0.3066069186,18726,18542
31480,0.4487135112,1.0146894455,0.3064064085,18726,18542
31490,0.4502612948,1.0153902769,0.3059246242,18726,18542
31500,0.4519924819,1.0155373812,0.3059385121,18726,18542
31510,0.4543163776,1.0156086683,0.3058032990,18726,18542
31520,0.4559669793,1.0156384706,0.3058924973,18726,18542
31530,0.4589087069,1.0146820545,0.3055767119,18726,18542
31540,0.4605973661,1.0140186548,0.3062373400,18726,18542
31550,0.4626008868,1.0139108896,0.3062132299,18726,18542
31560,0.4638849795,1.0144929886,0.3063967228,18726,18542
31570,0.4665129781,1.0144598484,0.3061621487,18726,18542
31580,0.4686488509,1.0136814117,0.3051674068,18726,18542
31590,0.4708360434,1.0137096643,0.3049993515,18726,18542
31600,0.4724153578,1.0137346983,0.3049928248,18726,18542
31610,0.4746420979,1.0137513876,0.3047914803,18726,18542
31620,0.4754891992,1.0145078897,0.3024792969,18726,18542
31630,0.4784565568,1.0137040615,0.3019945025,18726,18542
31640,0.4800387621,1.0137209892,0.3017769456,18726,18542
31650,0.4822501242,1.0137233734,0.3013602495,18726,18542
31660,0.4837062955,1.0137084723,0.3012040257,18726,18542
31670,0.4858172238,1.0136333704,0.3012014925,18726,18535
31680,0.4886959791,1.0128792524,0.3007123470,18726,18535
31690,0.4895686507,1.0130852461,0.3007990718,18726,18535
31700,0.4928628206,1.0130779743,0.3001563847,18726,18535
31710,0.4942212105,1.0138326883,0.2995684445,18726,18535
31720,0.4962394536,1.0138058662,0.2993176579,18726,18535
31730,0.4970963001,1.0138782263,0.2993943989,18726,18535
31740,0.5007216930,1.0136990547,0.2987145782,18726,18535
31750,0.5013310909,1.0136002302,0.2989194989,18726,18535
31760,0.5042997599,1.0133857727,0.2984884083,18726,18535
31770,0.5050035715,1.0139418840,0.2985880971,18726,18535
31780,0.5073027015,1.0129253864,0.2983240783,18726,18535
31790,0.5096226931,1.0127376318,0.2979857922,18726,18535
31800,0.5118896365,1.0132763386,0.2972531021,18726,18535
31810,0.5138686895,1.0132236481,0.2969956398,18726,18535
31820,0.5163856149,1.0132724047,0.2965676785,18726,18535
31830,0.5174397826,1.0134327412,0.2966259718,18726,18535
31840,0.5199609995,1.0128504038,0.2993451655,18726,18535
31850,0.5207569003,1.0129499435,0.2995247543,18726,18535
31860,0.5232452750,1.0136598349,0.2992885709,18726,18535
31870,0.5252334476,1.0128080845,0.2992857397,18726,18535
31880,0.5285186768,1.0128078461,0.2988297641,18726,18535
31890,0.5292453766,1.0125687122,0.2992032766,18726,18535
31900,0.5307244658,1.0124105215,0.2993077934,18726,18535
31910,0.5334748030,1.0128772259,0.2991262376,18726,18535
31920,0.5350436568,1.0126795769,0.2992610931,18726,18535
31930,0.5380885005,1.0127120018,0.3002210557,18729,18535
31940,0.5390638709,1.0128473043,0.3005567193,18729,18535
31950,0.5413315296,1.0129991770,0.3005601466,18729,18535
31960,0.5423334241,1.0130901337,0.3008886874,18729,18535
31970,0.5455451012,1.0125212669,0.3020237684,18729,18535
31980,0.5460259318,1.0110133886,0.3025302291,18729,18535
31990,0.5501632690,1.0117007494,0.3022522926,18729,18535
32000,0.5510383844,1.0115900040,0.3027426600,18729,18535
32010,0.5533164740,1.0116571188,0.3027712107,18729,18535
32020,0.5548635721,1.0117568970,0.3039433658,18729,18535
32030,0.5570055246,1.0118772984,0.3040896654,18729,18535
32040,0.5585191250,1.0120425224,0.3043918610,18729,18535
32050,0.5614048243,1.0121697187,0.3043338060,18729,18535
32060,0.5622411370,1.0122563839,0.3045995235,18729,18535
32070,0.5644034743,1.0122252703,0.3047035038,18729,18535
32080,0.5659687519,1.0121380091,0.3049243391,18729,18535
32090,0.5688560009,1.0119543076,0.3047992885,18729,18535
32100,0.5705043674,1.0117725134,0.3058580458,18729,18535
32110,0.5727982521,1.0115617514,0.3059205711,18729,18535
32120,0.5730041265,1.0114924908,0.3064697981,18729,18535
32130,0.5766436458,1.0114486217,0.3062085509,18729,18535
32140,0.5782708526,1.0114763975,0.3063963652,18729,18535
32150,0.5799217820,1.0115497112,0.3072198033,18729,18535
32160,0.5822169781,1.0116674900,0.3072302639,18729,18535
32170,0.5831192136,1.0118051767,0.3075474501,18729,18531
32180,0.5860523582,1.0118882656,0.3073490560,18729,18531
32190,0.5890063643,1.0118789673,0.3074633777,18729,18531
32200,0.5912802219,1.0117137432,0.3074394464,18729,18531
32210,0.5928812027,1.0100886822,0.3075792491,18729,18531
32220,0.5950804949,1.0106499195,0.3075814545,18729,18531
32230,0.5957474709,1.0105183125,0.3080199659,18729,18531
32240,0.5985372066,1.0105851889,0.3078673780,18729,18531
32250,0.6007307172,1.0115116835,0.3078112304,18729,18531
32260,0.6037188768,1.0116457939,0.3075244129,18729,18531
32270,0.6045695543,1.0118292570,0.3078518808,18729,18531
32280,0.6067395806,1.0119050741,0.3065747917,18729,18531
32290,0.6082084775,1.0110958815,0.3065801263,18729,18531
32300,0.6117879152,1.0108536482,0.3060972989,18729,18531
32310,0.6126024127,1.0105916262,0.3063248098,18729,18531
32320,0.6162717342,1.0103902817,0.3073636293,18729,18531
32330,0.6162677407,1.0102548599,0.3077773452,18729,18531
32340,0.6198206544,1.0102436543,0.3073855042,18729,18531
32350,0.6204990149,1.0103284121,0.3076826632,18729,18531
32360,0.6233693957,1.0105381012,0.3073821664,18729,18531
32370,0.6262039542,1.0107033253,0.3056716025,18729,18531
32380,0.6283892989,1.0093280077,0.3054587841,18729,18531
32390,0.6299239993,1.0094107389,0.3054019511,18729,18531
32400,0.6313232183,1.0095988512,0.3053830862,18729,18531
32410,0.6335107684,1.0095022917,0.3058345020,18729,18531
32420,0.6341782808,1.0096116066,0.3059430718,18740,18531
32430,0.6371245384,1.0095602274,0.3056298792,18740,18531
32440,0.6386939287,1.0095212460,0.3055876493,18740,18531
32450,0.6418415904,1.0094319582,0.3051301241,18740,18531
32460,0.6428378224,1.0095790625,0.3059948683,18740,18531
32470,0.6466781497,1.0095216036,0.3055202365,18740,18531
32480,0.6476110220,1.0096038580,0.3057634532,18740,18531
32490,0.6491611600,1.0096669197,0.3058120310,18740,18531
32500,0.6520088315,1.0104807615,0.3060642481,18740,18531
32510,0.6541277766,1.0103226900,0.3059979081,18740,18531
32520,0.6556184888,1.0095614195,0.3061114848,18740,18531
32530,0.6578052640,1.0091749430,0.3060198724,18740,18531
32540,0.6593438983,1.0081382990,0.3060405552,18740,18531
32550,0.6623187065,1.0086967945,0.3058155477,18740,18531
32560,0.6639268994,1.0086008310,0.3058475256,18740,18531
32570,0.6669167280,1.0086774826,0.3055327833,18740,18531
32580,0.6685237885,1.0081057549,0.3055921793,18740,18531
32590,0.6701141596,1.0083030462,0.3066419661,18740,18531
32600,0.6723244786,1.0092473030,0.3065951765,18740,18531
32610,0.6752345562,1.0087671280,0.3063719571,18740,18531
32620,0.6765616536,1.0090006590,0.3065578640,18740,18531
32630,0.6779252887,1.0074784756,0.3068441749,18740,18531
32640,0.6800240278,1.0073403120,0.3067953885,18740,18531
32650,0.6821101904,1.0079296827,0.3067630231,18740,18531
32660,0.6842867136,1.0077478886,0.3066753745,18740,18531
32670,0.6865776181,1.0077073574,0.3065508306,18740,18536
32680,0.6888257861,1.0076570511,0.3044755757,18740,18536
32690,0.6898168921,1.0062619448,0.3045578301,18740,18536
32700,0.6928744912,1.0071617365,0.3042239547,18740,18536
32710,0.6936702132,1.0073677301,0.3044323027,18740,18536
32720,0.6966612339,1.0059696436,0.3031149209,18740,18536
32730,0.6966133118,1.0061078072,0.3033593893,18740,18536
32740,0.7010325789,1.0070143938,0.3027302325,18740,18536
32750,0.7018912435,1.0072067976,0.3028694987,18740,18536
32760,0.7042296529,1.0066087246,0.3026658297,18740,18536
32770,0.7057713866,1.0066926479,0.3025426269,18740,18536
32780,0.7081298828,1.0066472292,0.3022368848,18740,18536
32790,0.7104277015,1.0064959526,0.3019539714,18740,18536
32800,0.7133518457,1.0063122511,0.3014748394,18740,18536
32810,0.7137907147,1.0060707331,0.3066927791,18740,18536
32820,0.7166269422,1.0066456795,0.3066358566,18740,18536
32830,0.7187881470,1.0057921410,0.3067068756,18740,18536
32840,0.7209628224,1.0064276457,0.3067827225,18740,18536
32850,0.7230456471,1.0064094067,0.3065477312,18740,18536
32860,0.7244741321,1.0064857006,0.3067673147,18740,18536
32870,0.7258600593,1.0065073967,0.3069886863,18740,18536
32880,0.7280631065,1.0065634251,0.3070068359,18740,18536
32890,0.7302325964,1.0065603256,0.3070186675,18740,18536
32900,0.7317979932,1.0072582960,0.3062586486,18740,18536
32910,0.7355501652,1.0071800947,0.3058933914,18740,18536
32920,0.7365587354,1.0069491863,0.3062159121,18747,18536
32930,0.7383623123,1.0067571402,0.3062861860,18747,18536
32940,0.7391530275,1.0063520670,0.3042951226,18747,18536
32950,0.7421006560,1.0061036348,0.3039666414,18747,18536
32960,0.7443469763,1.0060167313,0.3037392497,18747,18536
32970,0.7465890050,1.0061128139,0.3035041392,18747,18536
32980,0.7481757402,1.0070042610,0.3040342927,18747,18536
32990,0.7511402965,1.0072394609,0.3036819696,18747,18536
33000,0.7525908947,1.0073560476,0.3036756217,18747,18536
33010,0.7553923726,1.0073877573,0.3032904565,18747,18536
33020,0.7567387223,1.0073820353,0.3033273816,18747,18536
33030,0.7589102983,1.0072799921,0.3042630851,18747,18536
33040,0.7601964474,1.0070258379,0.3043085933,18747,18536
33050,0.7629621625,1.0067098141,0.3040262759,18747,18536
33060,0.7652040124,1.0064529181,0.3038477600,18747,18536
33070,0.7682284117,1.0070168972,0.3031969666,18747,18536
33080,0.7690826654,1.0070652962,0.3033384979,18747,18536
33090,0.7698720098,1.0071403980,0.3034676313,18747,18536
33100,0.7728050947,1.0072867870,0.3031335771,18747,18536
33110,0.7751158476,1.0073624849,0.3029209077,18747,18536
33120,0.7765408158,1.0073976517,0.3016183972,18747,18536
33130,0.7787784934,1.0074586868,0.3013430536,18747,18536
33140,0.7810912728,1.0073325634,0.3010269105,18747,18536
33150,0.7825877666,1.0072809458,0.3009285331,18747,18536
33160,0.7850183845,1.0072910786,0.3031726182,18747,18536
33170,0.7872540355,1.0071319342,0.3030367196,18747,18530
33180,0.7902610302,1.0077306032,0.3027153611,18747,18530
33190,0.7909222841,1.0069206953,0.3030652106,18747,18530
33200,0.7931715250,1.0076627731,0.3037719429,18747,18530
33210,0.7953736186,1.0076236725,0.3037152290,18747,18530
33220,0.7983148694,1.0076321363,0.3034929633,18747,18530
33230,0.7997808456,1.0083947182,0.3036437035,18747,18530
33240,0.8019536734,1.0084207058,0.3035850823,18747,18530
33250,0.8025278449,1.0084311962,0.3040232956,18747,18530
33260,0.8054949641,1.0083562136,0.3038338423,18747,18530
33270,0.8070822358,1.0082471371,0.3038758636,18747,18530
33280,0.8109171391,1.0080404282,0.3033657372,18747,18530
33290,0.8117016554,1.0086694956,0.3042542934,18747,18530
33300,0.8147084713,1.0085315704,0.3040325344,18747,18530
33310,0.8160523772,1.0091737509,0.3041705489,18747,18530
33320,0.8182023168,1.0091413260,0.3040999770,18747,18530
33330,0.8187913895,1.0092467070,0.3044553101,18747,18530
33340,0.8210192919,1.0092744827,0.3059306741,18747,18530
33350,0.8247416019,1.0091637373,0.3056679666,18747,18530
33360,0.8255349398,1.0105867386,0.3060104251,18747,18530
33370,0.8271660209,1.0097159147,0.3062005043,18747,18530
33380,0.8289096355,1.0094939470,0.3070240319,18747,18530
33390,0.8322280645,1.0092406273,0.3068521023,18747,18530
33400,0.8355341554,1.0097255707,0.3066101968,18747,18530
33410,0.8364531994,1.0097726583,0.3069967628,18747,18530
33420,0.8379547000,1.0096946955,0.3075330555,18741,18530
33430,0.8401906490,1.0096589327,0.3075443506,18741,18530
33440,0.8430668712,1.0098576546,0.3074073792,18741,18530
33450,0.8442664146,1.0099428892,0.3076536059,18741,18530
33460,0.8454377651,1.0092467070,0.3078968227,18741,18530
33470,0.8491573334,1.0091656446,0.3086043596,18741,18530
33480,0.8504210711,1.0099513531,0.3088900745,18741,18530
33490,0.8525999784,1.0100367069,0.3089629710,18741,18530
33500,0.8533585072,1.0107971430,0.3093325496,18741,18530
33510,0.8564590812,1.0107378960,0.3087166548,18741,18530
33520,0.8572118878,1.0108475685,0.3089859784,18741,18530
33530,0.8588923812,1.0106869936,0.3090754449,18741,18530
33540,0.8606102467,1.0104879141,0.3091338873,18741,18530
33550,0.8656514883,1.0107469559,0.3084575534,18741,18530
33560,0.8666844964,1.0106092691,0.3084432781,18741,18530
33570,0.8691754937,1.0104932785,0.3083082736,18741,18530
33580,0.8698862195,1.0104734898,0.3086223006,18741,18530
33590,0.8720889688,1.0112034082,0.3085786998,18741,18530
33600,0.8733572364,1.0104922056,0.3092571497,18741,18530
33610,0.8763408661,1.0105472803,0.3090568185,18741,18530
33620,0.8803151846,1.0104582310,0.3085764349,18741,18530
33630,0.8809062839,1.0105597973,0.3089353442,18741,18530
33640,0.8823428154,1.0106337070,0.3094113767,18741,18530
33650,0.8845224380,1.0099148750,0.3093325496,18741,18530
33660,0.8885094523,1.0098006725,0.3089014292,18741,18530
33670,0.8898169398,1.0097774267,0.3090521693,18741,18522
33680,0.8910489082,1.0098949671,0.3092347682,18741,18522
33690,0.8921805620,1.0085614920,0.3087655008,18741,18522
33700,0.8951961398,1.0085457563,0.3085137308,18741,18522
33710,0.8956913948,1.0087825060,0.3087237775,18741,18522
33720,0.9005327225,1.0081275702,0.3080544770,18741,18522
33730,0.9019977450,1.0077011585,0.3088214099,18741,18522
33740,0.9035741687,1.0080356598,0.3088296354,18741,18522
33750,0.9058586359,1.0060799122,0.3086294830,18741,18522
33760,0.9081014991,1.0062800646,0.3084842563,18741,18522
33770,0.9102587104,1.0065077543,0.3083363771,18741,18522
33780,0.9132334590,1.0066573620,0.3078754544,18741,18522
33790,0.9138292074,1.0062046051,0.3080073893,18741,18522
33800,0.9159551263,1.0049113035,0.3077814579,18741,18522
33810,0.9165502191,1.0057688951,0.3079757392,18741,18522
33820,0.9202291369,1.0058770180,0.3063406348,18741,18522
33830,0.9224528670,1.0060317516,0.3060430288,18741,18522
33840,0.9233075380,1.0060212612,0.3060399294,18741,18522
33850,0.9249252677,1.0059299469,0.3058286309,18741,18522
33860,0.9263949394,1.0043592453,0.3041000068,18741,18522
33870,0.9308505654,1.0041642189,0.3033149242,18741,18522
33880,0.9324655533,1.0039414167,0.3030664325,18741,18522
33890,0.9348330498,1.0038694143,0.3026031554,18741,18522
33900,0.9356246591,1.0038611889,0.3026657999,18741,18522
33910,0.9398550987,1.0032069683,0.3028511703,18741,18522
33920,0.9412317872,1.0034881830,0.3027374446,18741,18522
33930,0.9439355731,1.0035544634,0.3022335470,18747,18522
33940,0.9452407360,1.0037670135,0.3021917045,18747,18522
33950,0.9472133517,1.0030486584,0.3018302023,18747,18522
33960,0.9492196441,1.0029774904,0.3015338778,18747,18522
33970,0.9513059855,1.0028175116,0.3012328446,18747,18522
33980,0.9528354406,1.0026415586,0.3011181951,18747,18522
33990,0.9556944370,1.0025407076,0.3006281257,18747,18522
34000,0.9574773312,1.0023471117,0.3023100793,18747,18522
34010,0.9604100585,1.0014730692,0.3019567430,18747,18522
34020,0.9620627165,1.0015286207,0.3019787371,18747,18522
34030,0.9655649662,1.0016330481,0.3014030159,18747,18522
34040,0.9664628506,1.0014482737,0.3018563092,18747,18522
34050,0.9685243368,1.0016254187,0.3017589450,18747,18522
34060,0.9704614878,1.0017963648,0.3016990423,18747,18522
34070,0.9723485112,1.0018219948,0.3016721010,18747,18522
34080,0.9749833941,1.0011564493,0.3016554713,18747,18522
34090,0.9764541388,1.0010391474,0.3017680347,18747,18522
34100,0.9791470766,1.0017030239,0.3015530705,18747,18522
34110,0.9808134437,1.0014506578,0.3016540110,18747,18522
34120,0.9837679267,1.0014059544,0.3013341129,18747,18522
34130,0.9855390191,1.0010815859,0.3016830683,18747,18522
34140,0.9872660637,1.0008262396,0.3017849028,18747,18522
34150,0.9889226556,1.0007017851,0.3019018173,18747,18522
34160,0.9905459881,1.0005215406,0.3020116687,18747,18522
34170,0.9920322299,1.0006167889,0.3008574843,18747,18528
34180,0.9959813952,1.0009291172,0.3003641665,18747,18528
34190,0.9971101284,1.0001217127,0.3006140292,18747,18528
34200,0.9987966418,1.0001184940,0.3006199002,18747,18528
34210,1.0004986525,1.0000865459,0.3005984724,18747,18528
34220,1.0034741163,0.9998778701,0.3004531860,18747,18528
34230,1.0057888031,1.0002888441,0.3002600074,18747,18528
34240,1.0081353188,1.0001882315,0.3000477552,18747,18528
34250,1.0090742111,0.9999668598,0.3003530204,18747,18528
34260,1.0118271112,0.9999456406,0.2991730869,18747,18528
34270,1.0126569271,0.9999176264,0.2993681729,18747,18528
34280,1.0166552067,1.0000039339,0.2987567484,18747,18528
34290,1.0187536478,0.9993901253,0.2986149192,18747,18528
34300,1.0202181339,0.9993517995,0.2983820736,18747,18528
34310,1.0216615200,0.9993008971,0.2983807027,18747,18528
34320,1.0231002569,0.9991436601,0.2983626723,18747,18528
34330,1.0259118080,0.9990842342,0.2980055511,18747,18528
34340,1.0274202824,0.9990624785,0.2980254591,18747,18528
34350,1.0310349464,0.9998092055,0.2979886532,18747,18528
34360,1.0320520401,0.9997838140,0.2981669009,18747,18528
34370,1.0336681604,0.9996982217,0.2981799245,18747,18528
34380,1.0352478027,0.9995720983,0.2981969118,18747,18528
34390,1.0394948721,0.9995423555,0.2988123596,18747,18528
34400,1.0410410166,0.9993487000,0.2989373207,18747,18528
34410,1.0425595045,0.9991308451,0.2990826964,18747,18528
34420,1.0439673662,0.9989464283,0.2992623448,18757,18528
34430,1.0459492207,0.9982025027,0.2992697060,18757,18528
34440,1.0474559069,0.9988093376,0.2997265756,18757,18528
34450,1.0518295765,0.9981956482,0.2992841005,18757,18528
34460,1.0527820587,0.9983367920,0.2996461391,18757,18528
34470,1.0550823212,0.9985262156,0.2995989323,18757,18528
34480,1.0565712452,0.9973003864,0.2994731069,18757,18528
34490,1.0588082075,0.9980661869,0.2994720638,18757,18528
34500,1.0609664917,0.9982036352,0.2994618416,18757,18528
34510,1.0644968748,0.9983602166,0.2990828156,18757,18528
34520,1.0650762320,0.9977017641,0.2998022735,18757,18528
34530,1.0678224564,0.9977259636,0.2996906936,18757,18528
34540,1.0691287518,0.9976814389,0.2999103069,18757,18528
34550,1.0705561638,0.9983465075,0.3000983596,18757,18528
34560,1.0727236271,0.9976582527,0.3000812232,18757,18528
34570,1.0743821859,0.9976677895,0.3013834655,18757,18528
34580,1.0767978430,0.9977220893,0.3013802171,18757,18528
34590,1.0779316425,0.9984135628,0.3016530871,18757,18528
34600,1.0811189413,0.9977217913,0.3014364243,18757,18528
34610,1.0835469961,0.9976871610,0.3004033566,18757,18528
34620,1.0853315592,0.9975696206,0.3004489839,18757,18528
34630,1.0875344276,0.9974453449,0.3003724813,18757,18528
34640,1.0889817476,0.9974083900,0.3005129695,18757,18528
34650,1.0903912783,0.9974371791,0.3006638288,18757,18528
34660,1.0938987732,0.9967347980,0.3013132215,18757,18528
34670,1.0952411890,0.9967648387,0.3014931679,18757,18528
34680,1.0972652435,0.9968079329,0.3014824688,18757,18530
34690,1.0994019508,0.9968731403,0.3014278710,18757,18530
34700,1.1022882462,0.9969885945,0.3002433777,18757,18530
34710,1.1038136482,0.9970826507,0.3002724946,18757,18530
34720,1.1074944735,0.9972049594,0.2997741699,18757,18530
34730,1.1083537340,0.9972166419,0.3001082838,18757,18530
34740,1.1111177206,0.9964894056,0.3001987934,18757,18530
34750,1.1124614477,0.9964735508,0.3002733290,18757,18530
34760,1.1159176826,0.9964551330,0.2998320460,18757,18530
34770,1.1180092096,0.9970706701,0.2997659445,18757,18530
34780,1.1178686619,0.9969466329,0.3004329801,18757,18530
34790,1.1197946072,0.9962406754,0.3010247946,18757,18530
34800,1.1224527359,0.9961724281,0.3008686602,18757,18530
34810,1.1254185438,0.9955819249,0.3005924225,18757,18530
34820,1.1269931793,0.9956129193,0.3006808460,18757,18530
34830,1.1286220551,0.9956995845,0.3016353548,18757,18530
34840,1.1302381754,0.9951243401,0.3016822040,18757,18530
34850,1.1340785027,0.9952464700,0.3012830913,18757,18530
34860,1.1343235970,0.9932094216,0.3018017113,18757,18530
34870,1.1380341053,0.9957298040,0.3015908003,18757,18530
34880,1.1402356625,0.9960698485,0.3008673489,18757,18530
34890,1.1417417526,0.9955947399,0.3009773493,18757,18530
34900,1.1438510418,0.9957388639,0.3009008467,18757,18530
34910,1.1458439827,0.9943060875,0.3008971810,18757,18530
34920,1.1484762430,0.9964044094,0.2999627590,18755,18530
34930,1.1512318850,0.9962673783,0.2996866107,18755,18530
34940,1.1519764662,0.9959647059,0.2999889553,18755,18530
34950,1.1553903818,0.9959026575,0.2995336950,18755,18530
34960,1.1569252014,0.9956738949,0.3009551764,18755,18530
34970,1.1590173244,0.9955639243,0.3009276986,18755,18530
34980,1.1612234116,0.9954698086,0.3008500636,18755,18530
34990,1.1626656055,0.9959786534,0.3009880185,18755,18530
35000,1.1654998064,0.9975284338,0.3006978929,18755,18530
35010,1.1683280468,0.9982889295,0.3014361858,18755,18530
35020,1.1692519188,0.9980457425,0.3017952144,18755,18530
35030,1.1721082926,0.9979802370,0.3016194105,18755,18530
35040,1.1729862690,0.9976013899,0.3020195663,18755,18530
35050,1.1751643419,0.9972881675,0.3028105497,18755,18530
35060,1.1780204773,0.9977450371,0.3026893437,18755,18530
35070,1.1802694798,0.9981638789,0.3026769757,18755,18530
35080,1.1825010777,0.9986807704,0.3026365638,18755,18530
35090,1.1842002869,0.9985534549,0.3016743362,18755,18530
35100,1.1872632504,0.9992218018,0.3014016151,18755,18530
35110,1.1886589527,1.0007637739,0.3015031815,18755,18530
35120,1.1903507710,0.9991590381,0.3016927838,18755,18530
35130,1.1924821138,0.9989786148,0.3005857468,18755,18530
35140,1.1952505112,0.9988611341,0.3003123403,18755,18530
35150,1.1956901550,0.9994707704,0.3005545735,18755,18530
35160,1.1984647512,0.9992975593,0.3002781272,18755,18530
35170,1.2005715370,0.9993648529,0.3001262546,18755,18530
35180,1.2036550045,0.9991075397,0.2993551493,18755,18522
35190,1.2052149773,0.9983772039,0.2992808819,18755,18522
35200,1.2075309753,0.9992971420,0.2990781665,18755,18522
35210,1.2098503113,0.9992986917,0.2988421321,18755,18522
35220,1.2130147219,0.9993704557,0.2981177866,18755,18522
35230,1.2144945860,0.9995998740,0.2980176210,18755,18522
35240,1.2184295654,0.9996529222,0.2973794043,18755,18522
35250,1.2188025713,1.0000482798,0.2976884246,18755,18522
35260,1.2207425833,1.0000241995,0.2975326777,18755,18522
35270,1.2217943668,1.0001106262,0.2973034978,18755,18522
35280,1.2246102095,0.9999454618,0.2969950140,18755,18522
35290,1.2275197506,0.9997999668,0.2966465652,18755,18522
35300,1.2280062437,1.0000027418,0.2969014645,18755,18522
35310,1.2303189039,1.0000119209,0.2983877361,18755,18522
35320,1.2334717512,0.9992563128,0.2981743813,18755,18522
35330,1.2365952730,1.0000618696,0.2979438603,18755,18522
35340,1.2379581928,1.0004575253,0.2981339693,18755,18522
35350,1.2411277294,0.9998704195,0.2983231544,18755,18522
35360,1.2423872948,1.0002613068,0.2985294759,18755,18522
35370,1.2460711002,0.9987467527,0.2982629538,18755,18522
35380,1.2463059425,0.9997872710,0.2988307476,18755,18522
35390,1.2497106791,1.0011844635,0.2985608280,18755,18522
35400,1.2491991520,1.0000780821,0.2993373275,18755,18522
35410,1.2527344227,1.0000057220,0.2991810143,18755,18522
35420,1.2548667192,0.9999604225,0.2992138565,18755,18522
35430,1.2579921484,0.9990611076,0.2990024686,18755,18522
35440,1.2604283094,0.9990674257,0.3001425862,18755,18522
35450,1.2612695694,0.9993087649,0.3004831374,18755,18522
35460,1.2625347376,1.0025669336,0.3006967902,18755,18522
35470,1.2666006088,0.9995853901,0.3006227016,18755,18522
35480,1.2666200399,0.9984169602,0.3013483286,18755,18522
35490,1.2693163157,1.0000548363,0.3012079298,18755,18522
35500,1.2721521854,1.0001275539,0.3011147976,18755,18522
35510,1.2719038725,1.0011383295,0.3017115593,18755,18522
35520,1.2741899490,1.0004233122,0.3017535508,18755,18522
35530,1.2766151428,0.9987747073,0.3010638952,18755,18522
35540,1.2810058594,1.0004601479,0.3006327152,18755,18522
35550,1.2811410427,1.0011923313,0.3011567295,18755,18522
35560,1.2828606367,1.0012189150,0.3012299836,18755,18522
35570,1.2844833136,1.0011107922,0.3015941978,18755,18522
35580,1.2867027521,1.0010409355,0.3015371263,18755,18522
35590,1.2888906002,1.0009336472,0.3014615178,18755,18522
35600,1.2904596329,1.0007418394,0.3015185893,18755,18522
35610,1.2926949263,1.0005735159,0.3013939559,18755,18522
35620,1.2947077751,1.0029467344,0.3015345931,18755,18522
35630,1.2957966328,1.0012097359,0.3017732501,18755,18522
35640,1.2988308668,1.0013188124,0.3014881611,18755,18522
35650,1.3011395931,1.0014652014,0.3013100624,18755,18522
35660,1.3049815893,1.0016231537,0.3011088669,18755,18522
35670,1.3051323891,1.0015615225,0.3015105426,18755,18522
35680,1.3080863953,1.0015630722,0.3011911213,18755,18522
35690,1.3094629049,1.0016481876,0.3012858927,18755,18522
35700,1.3122692108,1.0016813278,0.3009688854,18755,18522
35710,1.3136222363,1.0008742809,0.3022769690,18755,18522
35720,1.3164011240,1.0007973909,0.3020831943,18755,18522
35730,1.3170108795,1.0003554821,0.3023822010,18755,18522
35740,1.3183240891,1.0013701916,0.3025243282,18755,18522
35750,1.3213139772,0.9994640350,0.3013436496,18755,18522
35760,1.3227261305,1.0018905401,0.3014653921,18755,18522
35770,1.3266690969,1.0021936893,0.3009917438,18755,18522
35780,1.3268889189,1.0023332834,0.3014313281,18755,18522
35790,1.3294211626,1.0033624172,0.3018875420,18755,18522
35800,1.3311899900,1.0026203394,0.3019420803,18755,18522
35810,1.3342432976,1.0026549101,0.3016862273,18755,18522
35820,1.3357596397,1.0025446415,0.3017995656,18755,18522
35830,1.3372408152,1.0024052858,0.3019323051,18755,18522
35840,1.3386740685,1.0022057295,0.3016407192,18755,18522
35850,1.3408509493,1.0020940304,0.3015558124,18755,18522
35860,1.3416696787,1.0020197630,0.3017689586,18755,18522
35870,1.3452801704,1.0021604300,0.3013733029,18755,18522
35880,1.3460990191,1.0021277666,0.3010146022,18755,18522
35890,1.3492095470,1.0024416447,0.3007380664,18755,18522
35900,1.3493987322,1.0026079416,0.3010921180,18755,18522
35910,1.3517177105,1.0028256178,0.3009150326,18755,18522
35920,1.3534380198,1.0030835867,0.3008672297,18755,18522
35930,1.3573455811,1.0034743547,0.3017117679,18761,18522
35940,1.3583177328,1.0028148890,0.3019475639,18761,18522
35950,1.3613778353,1.0036553144,0.3016351461,18761,18522
35960,1.3614145517,1.0034260750,0.3022361994,18761,18522
35970,1.3641690016,1.0034210682,0.3019694686,18761,18522
35980,1.3654326200,1.0032597780,0.3020852506,18761,18522
35990,1.3682371378,1.0032211542,0.3018749356,18761,18522
36000,1.3704175949,1.0032762289,0.3018235862,18761,18522
36010,1.3719006777,1.0025005341,0.3019523025,18761,18522
36020,1.3734900951,1.0026812553,0.3012219667,18761,18522
36030,1.3751573563,1.0030009747,0.3012662828,18761,18522
36040,1.3797820807,1.0035578012,0.3006241918,18761,18522
36050,1.3815116882,1.0038440228,0.3006868958,18761,18522
36060,1.3829809427,1.0035123825,0.3008798659,18761,18522
36070,1.3843904734,1.0036684275,0.3009753823,18761,18522
36080,1.3870196342,1.0038422346,0.3007624447,18761,18522
36090,1.3880604506,1.0026372671,0.3009575605,18761,18522
36100,1.3907562494,1.0036386251,0.3004634380,18761,18522
36110,1.3919843435,1.0035321712,0.3005308807,18761,18522
36120,1.3939497471,1.0029008389,0.3004313111,18761,18522
36130,1.3955785036,1.0041009188,0.3005065024,18761,18522
36140,1.3985828161,1.0042002201,0.3001819253,18761,18522
36150,1.4009531736,1.0044634342,0.2995272875,18761,18522
36160,1.4034208059,1.0052875280,0.2992703021,18761,18522
36170,1.4044586420,1.0054563284,0.2993996739,18761,18526
36180,1.4066776037,1.0055712461,0.2991997600,18761,18526
36190,1.4075986147,1.0054162741,0.3000009358,18761,18526
36200,1.4109804630,1.0056591034,0.2996223569,18761,18526
36210,1.4125908613,1.0054445267,0.2996838689,18761,18526
36220,1.4140075445,1.0052005053,0.2997575104,18761,18526
36230,1.4167699814,1.0058659315,0.2994613647,18761,18526
36240,1.4190297127,1.0076714754,0.3004100025,18761,18526
36250,1.4211328030,1.0077078342,0.3003714383,18761,18526
36260,1.4232690334,1.0070928335,0.3003454506,18761,18526
36270,1.4246078730,1.0037587881,0.3004972637,18761,18526
36280,1.4264657497,1.0062520504,0.3026489615,18761,18526
36290,1.4266577959,1.0062986612,0.3026110828,18761,18526
36300,1.4290274382,1.0066034794,0.3026937246,18761,18526
36310,1.4317163229,1.0069875717,0.3026208878,18761,18526
36320,1.4330276251,1.0073082447,0.3018321395,18761,18526
36330,1.4356782436,1.0076328516,0.3017531931,18761,18526
36340,1.4372010231,1.0102251768,0.3018447459,18761,18526
36350,1.4399348497,1.0085551739,0.3020994067,18761,18526
36360,1.4406259060,1.0083097219,0.3025757372,18761,18526
36370,1.4446099997,1.0083700418,0.3032886088,18761,18526
36380,1.4456239939,1.0080459118,0.3036991358,18761,18526
36390,1.4477994442,1.0077441931,0.3037768602,18761,18526
36400,1.4493384361,1.0095102787,0.3040391803,18761,18526
36410,1.4521766901,1.0096254349,0.3039561510,18761,18526
36420,1.4537127018,1.0098150969,0.3041343391,18758,18526
36430,1.4553207159,1.0100523233,0.3042989373,18758,18526
36440,1.4569007158,1.0102444887,0.3044708371,18758,18526
36450,1.4577965736,1.0094970465,0.3048456311,18758,18526
36460,1.4603722095,1.0134904385,0.3048548400,18758,18526
36470,1.4619197845,1.0133274794,0.3050611615,18758,18526
36480,1.4646816254,1.0141012669,0.3049090207,18758,18526
36490,1.4663975239,1.0121680498,0.3053008616,18758,18526
36500,1.4680337906,1.0114067793,0.3065156639,18758,18526
36510,1.4694443941,1.0124864578,0.3067122996,18758,18526
36520,1.4725294113,1.0121368170,0.3065993488,18758,18526
36530,1.4741001129,1.0126923323,0.3067335784,18758,18526
36540,1.4770700932,1.0134751797,0.3063002825,18758,18526
36550,1.4775567055,1.0163055658,0.3065519929,18758,18526
36560,1.4799367189,1.0150551796,0.3066587746,18758,18526
36570,1.4811975956,1.0170289278,0.3067737222,18758,18526
36580,1.4841748476,1.0169669390,0.3066412210,18758,18526
36590,1.4858909845,1.0149821043,0.3061798215,18758,18526
36600,1.4891390800,1.0142213106,0.3059657812,18758,18526
36610,1.4890668392,1.0152547359,0.3064393997,18758,18526
36620,1.4912127256,1.0168553591,0.3064239919,18758,18526
36630,1.4938400984,1.0161787271,0.3046315610,18758,18526
36640,1.4966194630,1.0155062675,0.3044177592,18758,18526
36650,1.4977188110,1.0153465271,0.3044787943,18758,18526
36660,1.5003314018,1.0182476044,0.3043426275,18758,18526
36670,1.5022807121,1.0166268349,0.3043353260,18758,18523
36680,1.5028750896,1.0169942379,0.3006129563,18758,18523
36690,1.5052090883,1.0183548927,0.3002471328,18758,18523
36700,1.5064554214,1.0187762976,0.3000227809,18758,18523
36710,1.5086370707,1.0187662840,0.2996010780,18758,18523
36720,1.5103836060,1.0188357830,0.2950791419,18758,18523
36730,1.5121581554,1.0190097094,0.2945163846,18758,18523
36740,1.5130858421,1.0224993229,0.2940759063,18758,18523
36750,1.5157185793,1.0197130442,0.2937522531,18758,18523
36760,1.5162408352,1.0210702419,0.2850330174,18758,18523
36770,1.5203012228,1.0203125477,0.2837788165,18758,18523
36780,1.5196690559,1.0211275816,0.2832823098,18758,18523
36790,1.5232032537,1.0204762220,0.2821210325,18758,18523
36800,1.5230542421,1.0208367109,0.2816790938,18758,18523
36810,1.5262466669,1.0177285671,0.2718314826,18758,18523
36820,1.5279761553,1.0233813524,0.2711275816,18758,18523
36830,1.5305489302,1.0221968889,0.2699308991,18758,18523
36840,1.5304287672,1.0233788490,0.2693321705,18758,18523
36850,1.5322768688,1.0233021975,0.2616266310,18758,18523
36860,1.5333940983,1.0235506296,0.2603815794,18758,18523
36870,1.5370324850,1.0255181789,0.2586640418,18758,18523
36880,1.5378261805,1.0245002508,0.2580106556,18758,18523
36890,1.5407191515,1.0239684582,0.2520241141,18758,18523
36900,1.5399955511,1.0250061750,0.2513630092,18758,18523
36910,1.5428087711,1.0255038738,0.2500164211,18758,18523
36920,1.5457189083,1.0254883766,0.2486784458,18764,18523
36930,1.5477688313,1.0253204107,0.2476679534,18764,18523
36940,1.5489442348,1.0255801678,0.2449824065,18764,18523
36950,1.5493303537,1.0261991024,0.2445266992,18764,18523
36960,1.5527622700,1.0258393288,0.2434996367,18764,18523
36970,1.5522220135,1.0268821716,0.2437206358,18764,18523
36980,1.5569949150,1.0263918638,0.2423700988,18764,18523
36990,1.5577780008,1.0268113613,0.2423564792,18764,18523
37000,1.5588005781,1.0274902582,0.2423874140,18764,18523
37010,1.5604604483,1.0274007320,0.2423606664,18764,18523
37020,1.5624825954,1.0285129547,0.2423906177,18764,18523
37030,1.5642025471,1.0275318623,0.2436788231,18764,18523
37040,1.5668666363,1.0276466608,0.2438077182,18764,18523
37050,1.5665800571,1.0279903412,0.2448093593,18764,18523
37060,1.5680148602,1.0281836987,0.2453918010,18764,18523
37070,1.5682556629,1.0288231373,0.2486554384,18764,18523
37080,1.5751019716,1.0270470381,0.2488706857,18764,18523
37090,1.5762246847,1.0279214382,0.2500841916,18764,18523
37100,1.5779634714,1.0272567272,0.2510586381,18764,18523
37110,1.5794698000,1.0283070803,0.2581827044,18764,18523
37120,1.5806217194,1.0282354355,0.2597218156,18764,18523
37130,1.5802737474,1.0289156437,0.2616803646,18764,18523
37140,1.5862761736,1.0277870893,0.2624387741,18764,18523
37150,1.5871430635,1.0281853676,0.2643980980,18764,18523
37160,1.5901134014,1.0278571844,0.2749225795,18764,18523
37170,1.5899672508,1.0285637379,0.2775061727,18764,18525
37180,1.5895950794,1.0289517641,0.2799517214,18764,18525
37190,1.5960023403,1.0275471210,0.2814015150,18764,18525
37200,1.5981492996,1.0276256800,0.2918420136,18764,18525
37210,1.6008051634,1.0276012421,0.2941969633,18764,18525
37220,1.6018151045,1.0278153419,0.2968681455,18764,18525
37230,1.6044744253,1.0268315077,0.2989702523,18764,18525
37240,1.6066985130,1.0267556906,0.3094592988,18764,18525
37250,1.6090123653,1.0267282724,0.3121722043,18764,18525
37260,1.6111756563,1.0268430710,0.3148481250,18764,18525
37270,1.6131212711,1.0270162821,0.3174627423,18764,18525
37280,1.6134910583,1.0264281034,0.3202058375,18764,18525
37290,1.6184043884,1.0255163908,0.3347137272,18764,18525
37300,1.6197824478,1.0256220102,0.3377937376,18764,18525
37310,1.6220465899,1.0256164074,0.3405705392,18764,18525
37320,1.6227527857,1.0253565311,0.3434630930,18764,18525
37330,1.6272953749,1.0246430635,0.3571545482,18764,18525
37340,1.6282308102,1.0238739252,0.3602825999,18764,18525
37350,1.6317704916,1.0241243839,0.3629483283,18764,18525
37360,1.6344741583,1.0244450569,0.3655329645,18764,18525
37370,1.6362818480,1.0242338181,0.3680843115,18764,18525
37380,1.6372926235,1.0228384733,0.3843109310,18764,18525
37390,1.6404105425,1.0232298374,0.3870205283,18764,18525
37400,1.6428099871,1.0234133005,0.3895957470,18764,18525
37410,1.6444913149,1.0233348608,0.3920800388,18764,18525
37420,1.6479994059,1.0234150887,0.4001105726,18753,18525
37430,1.6491155624,1.0228644609,0.4025708139,18753,18525
37440,1.6523649693,1.0230655670,0.4045067430,18753,18525
37450,1.6550256014,1.0228819847,0.4062707722,18753,18525
37460,1.6607203484,1.0239489079,0.4102389216,18753,18525
37470,1.6614348888,1.0227197409,0.4120591879,18753,18525
37480,1.6633594036,1.0233485699,0.4134067297,18753,18525
37490,1.6659950018,1.0238542557,0.4143796861,18753,18525
37500,1.6700859070,1.0241721869,0.4148270786,18753,18525
37510,1.6734153032,1.0239752531,0.4150909781,18753,18525
37520,1.6742856503,1.0235755444,0.4156585634,18753,18525
37530,1.6757984161,1.0234272480,0.4158706069,18753,18525
37540,1.6818873882,1.0255728960,0.4151354432,18753,18525
37550,1.6833761930,1.0237219334,0.4114800692,18753,18525
37560,1.6865866184,1.0238803625,0.4105824828,18753,18525
37570,1.6867078543,1.0223803520,0.4099953175,18753,18525
37580,1.6941515207,1.0240273476,0.4081335664,18753,18525
37590,1.6961002350,1.0223281384,0.4069925249,18753,18525
37600,1.6984468699,1.0222643614,0.4014548063,18753,18525
37610,1.6992411613,1.0216710567,0.3998788595,18753,18525
37620,1.7055195570,1.0245050192,0.3972758055,18753,18525
37630,1.7061544657,1.0240222216,0.3956321776,18753,18525
37640,1.7090566158,1.0251417160,0.3886936903,18753,18525
37650,1.7106859684,1.0236328840,0.3863149583,18753,18525
37660,1.7140105963,1.0227352381,0.3836021125,18753,18525
37670,1.7187190056,1.0243079662,0.3804912865,18753,18531
37680,1.7200770378,1.0228821039,0.3721407652,18753,18531
37690,1.7221585512,1.0235342979,0.3690704405,18753,18531
37700,1.7246146202,1.0225368738,0.3659827411,18753,18531
37710,1.7302143574,1.0238871574,0.3623209894,18753,18531
37720,1.7326133251,1.0242689848,0.3592399955,18753,18531
37730,1.7344403267,1.0229790211,0.3508816957,18753,18531
37740,1.7363598347,1.0219069719,0.3476528227,18753,18531
37750,1.7384020090,1.0274488926,0.3442243040,18753,18531
37760,1.7401957512,1.0265946388,0.3412068784,18753,18531
37770,1.7439903021,1.0273724794,0.3337457776,18753,18531
37780,1.7444535494,1.0274165869,0.3308054209,18753,18531
37790,1.7480676174,1.0289961100,0.3273425400,18753,18531
37800,1.7484703064,1.0299425125,0.3245934844,18753,18531
37810,1.7528153658,1.0286028385,0.3168657720,18753,18531
37820,1.7555354834,1.0279405117,0.3136833906,18753,18531
37830,1.7563072443,1.0282841921,0.3109255433,18753,18531
37840,1.7590079308,1.0278245211,0.3079309762,18753,18531
37850,1.7615525723,1.0281339884,0.3050118387,18753,18531
37860,1.7635234594,1.0271279812,0.2972795367,18753,18531
37870,1.7655131817,1.0294282436,0.2943344712,18753,18531
37880,1.7678686380,1.0302417278,0.2914907932,18753,18531
37890,1.7686578035,1.0307794809,0.2891781926,18753,18531
37900,1.7688089609,1.0327068567,0.2838244736,18753,18531
37910,1.7704547644,1.0329585075,0.2813808024,18753,18531
37920,1.7718660831,1.0366604328,0.2788712680,18753,18531
37930,1.7768059969,1.0325479507,0.2765603662,18756,18531
37940,1.7804173231,1.0318278074,0.2740997076,18756,18531
37950,1.7811129093,1.0306813717,0.2713708282,18756,18531
37960,1.7813212872,1.0313215256,0.2699132264,18756,18531
37970,1.7827470303,1.0324460268,0.2682863176,18756,18531
37980,1.7837485075,1.0346995592,0.2668278217,18756,18531
37990,1.7856241465,1.0341684818,0.2644994557,18756,18531
38000,1.7881668806,1.0340899229,0.2630951107,18756,18531
38010,1.7907050848,1.0340468884,0.2617665529,18756,18531
38020,1.7917112112,1.0344099998,0.2610056698,18756,18531
38030,1.7942154408,1.0334227085,0.2600020468,18756,18531
38040,1.7953838110,1.0348542929,0.2593402565,18756,18531
38050,1.7953830957,1.0354896784,0.2591589987,18756,18531
38060,1.7974420786,1.0357500315,0.2585568130,18756,18531
38070,1.7980784178,1.0342869759,0.2586131096,18756,18531
38080,1.8020160198,1.0347081423,0.2554277480,18756,18531
38090,1.8030028343,1.0349570513,0.2553049028,18756,18531
38100,1.8054256439,1.0349053144,0.2548800707,18756,18531
38110,1.8059126139,1.0351632833,0.2551905811,18756,18531
38120,1.8071007729,1.0351969004,0.2559696436,18756,18531
38130,1.8075106144,1.0359089375,0.2563156188,18756,18531
38140,1.8084714413,1.0364415646,0.2566177547,18756,18531
38150,1.8112659454,1.0361493826,0.2566524744,18756,18531
38160,1.8129552603,1.0366501808,0.2569469213,18756,18531
38170,1.8158683777,1.0362225771,0.2582553029,18756,18536
38180,1.8175343275,1.0363996029,0.2587462664,18756,18536
38190,1.8185293674,1.0368024111,0.2595685720,18756,18536
38200,1.8186119795,1.0372953415,0.2607281804,18756,18536
38210,1.8216580153,1.0371373892,0.2621863484,18756,18536
38220,1.8217147589,1.0376216173,0.2633681297,18756,18536
38230,1.8228695393,1.0378473997,0.2642491460,18756,18536
38240,1.8251813650,1.0378310680,0.2648890913,18756,18536
38250,1.8258187771,1.0380274057,0.2663669884,18756,18536
38260,1.8281184435,1.0379199982,0.2671344876,18756,18536
38270,1.8296080828,1.0379446745,0.2681808472,18756,18536
38280,1.8301980495,1.0381653309,0.2693716288,18756,18536
38290,1.8317587376,1.0382436514,0.2702549398,18756,18536
38300,1.8326494694,1.0383005142,0.2713141441,18756,18536
38310,1.8355778456,1.0382505655,0.2720271647,18756,18536
38320,1.8378233910,1.0383633375,0.2727806866,18756,18536
38330,1.8392748833,1.0386128426,0.2737386525,18756,18536
38340,1.8417853117,1.0386210680,0.2762571573,18756,18536
38350,1.8428492546,1.0387611389,0.2775176466,18756,18536
38360,1.8430253267,1.0388947725,0.2790283859,18756,18536
38370,1.8444260359,1.0390077829,0.2801518440,18756,18536
38380,1.8473323584,1.0389335155,0.2809607089,18756,18536
38390,1.8486735821,1.0391950607,0.2832751870,18756,18536
38400,1.8501272202,1.0391297340,0.2843883336,18756,18536
38410,1.8527832031,1.0388011932,0.2852222323,18756,18536
38420,1.8549313545,1.0398203135,0.2863643765,18756,18536
38430,1.8564448357,1.0400379896,0.2866291702,18756,18536
38440,1.8585383892,1.0408608913,0.2876730263,18756,18536
38450,1.8598535061,1.0411080122,0.2886282504,18756,18536
38460,1.8620728254,1.0423313379,0.2895480990,18756,18536
38470,1.8636655807,1.0417814255,0.2945361435,18756,18536
38480,1.8653651476,1.0414716005,0.2957213521,18756,18536
38490,1.8667142391,1.0392692089,0.2969373167,18756,18536
38500,1.8678065538,1.0476043224,0.2976045012,18756,18536
38510,1.8695038557,1.0460307598,0.2987712920,18756,18536
38520,1.8709756136,1.0474675894,0.2975592613,18756,18536
38530,1.8723760843,1.0453690290,0.2983970642,18756,18536
38540,1.8737307787,1.0472958088,0.2990957797,18756,18536
38550,1.8746999502,1.0506922007,0.2996349931,18756,18536
38560,1.8758361340,1.0526630878,0.2982873917,18756,18536
38570,1.8780304193,1.0496990681,0.2988954782,18756,18536
38580,1.8788948059,1.0504084826,0.2992369831,18756,18536
38590,1.8796721697,1.0526890755,0.2995495498,18756,18536
38600,1.8824876547,1.0484920740,0.3002337217,18756,18536
38610,1.8834398985,1.0492017269,0.2997923791,18756,18536
38620,1.8858833313,1.0473623276,0.3001897037,18756,18536
38630,1.8843554258,1.0561830997,0.3001704216,18756,18536
38640,1.8861086369,1.0538071394,0.3004532158,18756,18536
38650,1.8851455450,1.0624151230,0.2995425165,18756,18536
38660,1.8878183365,1.0576050282,0.2997983992,18756,18536
38670,1.8872156143,1.0625787973,0.2996226549,18756,18536
38680,1.8900225163,1.0575065613,0.2999167144,18756,18536
38690,1.8915747404,1.0553327799,0.3002050817,18756,18536
38700,1.8909852505,1.0602279902,0.3000748456,18756,18536
38710,1.8916362524,1.0620498657,0.3000276387,18756,18536
38720,1.8924216032,1.0622065067,0.2999960780,18756,18536
38730,1.8932198286,1.0624990463,0.2999625802,18756,18536
38740,1.8940007687,1.0631265640,0.3006182015,18756,18536
38750,1.8946912289,1.0642665625,0.3005969822,18756,18536
38760,1.8954237700,1.0653918982,0.3005743623,18756,18536
38770,1.8949764967,1.0683407784,0.3004226387,18756,18536
38780,1.8954806328,1.0698881149,0.3008972704,18756,18536
38790,1.8928090334,1.0801696777,0.3004563749,18756,18536
38800,1.8952664137,1.0762214661,0.3008338213,18756,18536
38810,1.8944846392,1.0811536312,0.3005370498,18756,18536
38820,1.8968583345,1.0769975185,0.3010294139,18756,18536
38830,1.8987817764,1.0720123053,0.3016071022,18756,18536
38840,1.8949687481,1.0857115984,0.3011849523,18756,18536
38850,1.8957309723,1.0861208439,0.3013091087,18756,18536
38860,1.8959327936,1.0884633064,0.3012346327,18756,18536
38870,1.8969380856,1.0880737305,0.3037077785,18756,18536
38880,1.8961830139,1.0921629667,0.3036350012,18756,18536
38890,1.8965040445,1.0945286751,0.3036971986,18756,18536
38900,1.8964568377,1.0960792303,0.3037954271,18756,18536
38910,1.8974968195,1.0946935415,0.3061589599,18756,18536
38920,1.8970476389,1.0998599529,0.3061617017,18764,18536
38930,1.8973069191,1.1015226841,0.3063746989,18764,18536
38940,1.8967976570,1.1033008099,0.3065524995,18764,18536
38950,1.8962783813,1.1047781706,0.3067557514,18764,18536
38960,1.8965437412,1.1055730581,0.3071142435,18764,18536
38970,1.8959892988,1.1083097458,0.3071524501,18764,18536
38980,1.8964912891,1.1091992855,0.3074547946,18764,18536
38990,1.8962366581,1.1100786924,0.3077553511,18764,18536
39000,1.8969902992,1.1134867668,0.3064602017,18764,18536
39010,1.8976558447,1.1140694618,0.3067055941,18764,18536
39020,1.8974862099,1.1168057919,0.3065545559,18764,18536
39030,1.8976091146,1.1169176102,0.3070546985,18764,18536
39040,1.8961677551,1.1193702221,0.3070545197,18764,18536
39050,1.8961527348,1.1201759577,0.3063469231,18764,18536
39060,1.8970249891,1.1227165461,0.3060151339,18764,18536
39070,1.8965618610,1.1236968040,0.3062571883,18764,18536
39080,1.8966938257,1.1253132820,0.3061327636,18764,18536
39090,1.8974237442,1.1270387173,0.3050742745,18764,18536
39100,1.8971657753,1.1282695532,0.3051518500,18764,18536
39110,1.8973032236,1.1295939684,0.3050746024,18764,18536
39120,1.8969198465,1.1308764219,0.3051185906,18764,18536
39130,1.8961642981,1.1330404282,0.3073229194,18764,18536
39140,1.8964983225,1.1344337463,0.3072689474,18764,18536
39150,1.8984572887,1.1359007359,0.3067413568,18764,18536
39160,1.8964537382,1.1384944916,0.3070266545,18764,18536
39170,1.8977347612,1.1394979954,0.3069371283,18764,18536
39180,1.8978514671,1.1411582232,0.3064815104,18764,18542
39190,1.8979082108,1.1428380013,0.3064230382,18764,18542
39200,1.8967419863,1.1448286772,0.3067179322,18764,18542
39210,1.8989486694,1.1457612514,0.3061037958,18764,18542
39220,1.8987089396,1.1476563215,0.3052274585,18764,18542
39230,1.8990814686,1.1493583918,0.3049441278,18764,18542
39240,1.8978525400,1.1517422199,0.3048295081,18764,18542
39250,1.8981348276,1.1533703804,0.3048307300,18764,18542
39260,1.8996223211,1.1545151472,0.3044419289,18764,18542
39270,1.8999683857,1.1562466621,0.3047431707,18764,18542
39280,1.9002728462,1.1580150127,0.3044325411,18764,18542
39290,1.9014452696,1.1594864130,0.3040893376,18764,18542
39300,1.9009810686,1.1616814137,0.3039530516,18764,18542
39310,1.8998482227,1.1641535759,0.3052549064,18764,18542
39320,1.8999665976,1.1659265757,0.3050512671,18764,18542
39330,1.9007289410,1.1675643921,0.3050749302,18764,18542
39340,1.9003181458,1.1695333719,0.3049860299,18764,18542
39350,1.9012175798,1.1709048748,0.3039627671,18764,18542
39360,1.9015427828,1.1728734970,0.3036458790,18764,18542
39370,1.9019852877,1.1748712063,0.3037873805,18764,18542
39380,1.9015992880,1.1768649817,0.3037025332,18764,18542
39390,1.8999427557,1.1792659760,0.3039407432,18764,18542
39400,1.9007240534,1.1807011366,0.3040966690,18764,18542
39410,1.9001538754,1.1826883554,0.3040224910,18764,18542
39420,1.9038915634,1.1832004786,0.3036691844,18764,18542
39430,1.9023141861,1.1855387688,0.3040570617,18764,18542
39440,1.9031405449,1.1872149706,0.3021378219,18764,18542
39450,1.9017605782,1.1893265247,0.3022878170,18764,18542
39460,1.9048807621,1.1904265881,0.3017149568,18764,18542
39470,1.9033180475,1.1925354004,0.3020394742,18764,18542
39480,1.9051229954,1.1938405037,0.3017480075,18764,18542
39490,1.9049842358,1.1958875656,0.3024405837,18764,18542
39500,1.9065498114,1.1978179216,0.3019115329,18764,18542
39510,1.9049001932,1.1998132467,0.3023159802,18764,18542
39520,1.9056651592,1.2011393309,0.3024345338,18764,18542
39530,1.9061539173,1.2027657032,0.3041834235,18764,18542
39540,1.9065170288,1.2043620348,0.3042019308,18764,18542
39550,1.9063830376,1.2064198256,0.3041261435,18764,18542
39560,1.9062647820,1.2084938288,0.3040381074,18764,18542
39570,1.9059138298,1.2103111744,0.3040525317,18764,18542
39580,1.9066861868,1.2118530273,0.3040595651,18764,18542
39590,1.9084635973,1.2131179571,0.3040290177,18764,18542
39600,1.9079048634,1.2141791582,0.3042829335,18764,18542
39610,1.9080854654,1.2164736986,0.3040792942,18764,18542
39620,1.9088830948,1.2180912495,0.3031542301,18764,18542
39630,1.9082212448,1.2217864990,0.3026527762,18764,18542
39640,1.9087679386,1.2234346867,0.3025686443,18764,18542
39650,1.9084768295,1.2251672745,0.3025266230,18764,18542
39660,1.9081747532,1.2266268730,0.3010756969,18764,18542
39670,1.9090232849,1.2283927202,0.3008643091,18764,18534
39680,1.9098191261,1.2294943333,0.3008235991,18764,18534
39690,1.9092203379,1.2322273254,0.3004554510,18764,18534
39700,1.9094655514,1.2348946333,0.2988006175,18764,18534
39710,1.9096308947,1.2361624241,0.2986550033,18764,18534
39720,1.9097470045,1.2361146212,0.2988021076,18764,18534
39730,1.9098150730,1.2404576540,0.2981211841,18764,18534
39740,1.9097883701,1.2418972254,0.2980003655,18764,18534
39750,1.9105520248,1.2439234257,0.2968819141,18764,18534
39760,1.9104630947,1.2446646690,0.2968461514,18764,18534
39770,1.9104059935,1.2468912601,0.2964943349,18764,18534
39780,1.9111641645,1.2489696741,0.2961269021,18764,18534
39790,1.9119503498,1.2503238916,0.2971602380,18764,18534
39800,1.9119250774,1.2539708614,0.2966244817,18764,18534
39810,1.9111750126,1.2554577589,0.2965679169,18764,18534
39820,1.9111322165,1.2567592859,0.2965308726,18764,18534
39830,1.9111647606,1.2587784529,0.2963316441,18764,18534
39840,1.9112960100,1.2606297731,0.2956452668,18764,18534
39850,1.9113788605,1.2618956566,0.2956018448,18764,18534
39860,1.9113965034,1.2655196190,0.2951105535,18764,18534
39870,1.9115090370,1.2662116289,0.2953029871,18764,18534
39880,1.9124617577,1.2659523487,0.2949613035,18764,18534
39890,1.9125411510,1.2682576180,0.2947514355,18764,18534
39900,1.9125558138,1.2729607821,0.2941018641,18764,18534
39910,1.9125740528,1.2731684446,0.2945199013,18764,18534
39920,1.9124596119,1.2764606476,0.2948121428,18761,18534
39930,1.9124054909,1.2772889137,0.2949899733,18761,18534
39940,1.9124401808,1.2794328928,0.2948752940,18761,18534
39950,1.9125446081,1.2814899683,0.2947817743,18761,18534
39960,1.9125115871,1.2835625410,0.2946850359,18761,18534
39970,1.9125510454,1.2846333981,0.2953235805,18761,18534
39980,1.9127753973,1.2872571945,0.2951397896,18761,18534
39990,1.9128596783,1.2879538536,0.2954023480,18761,18534
40000,1.9120519161,1.2896255255,0.2954815924,18761,18534
40010,1.9122105837,1.2918561697,0.2968190014,18761,18534
40020,1.9132270813,1.2917506695,0.2971904874,18761,18534
40030,1.9126477242,1.2956811190,0.2969924212,18761,18534
40040,1.9128705263,1.2980881929,0.2969163358,18761,18534
40050,1.9128860235,1.2986649275,0.2974188924,18761,18534
40060,1.9130531549,1.3002160788,0.2957671285,18761,18534
40070,1.9121905565,1.3020527363,0.2958589792,18761,18534
40080,1.9121646881,1.3029468060,0.2961193025,18761,18534
40090,1.9126607180,1.3067384958,0.2956558168,18761,18534
40100,1.9126353264,1.3075878620,0.2956725657,18761,18534
40110,1.9129589796,1.3102623224,0.2954889238,18761,18534
40120,1.9128055573,1.3107162714,0.2959959805,18761,18534
40130,1.9129436016,1.3127653599,0.2959669232,18761,18534
40140,1.9130358696,1.3143703938,0.2964422107,18761,18534
40150,1.9128252268,1.3182495832,0.2960563302,18761,18534
40160,1.9111357927,1.3203368187,0.2961682081,18761,18534
40170,1.9118918180,1.3219250441,0.2963347733,18761,18542
40180,1.9108037949,1.3231546879,0.2967436612,18761,18542
40190,1.9110749960,1.3257204294,0.2979288399,18761,18542
40200,1.9114470482,1.3281600475,0.2978663445,18761,18542
40210,1.9116718769,1.3300681114,0.2979983389,18761,18542
40220,1.9117845297,1.3314918280,0.2983304858,18761,18542
40230,1.9109119177,1.3325264454,0.2989036143,18761,18542
40240,1.9114098549,1.3348306417,0.2988906205,18761,18542
40250,1.9112198353,1.3376988173,0.2987010181,18761,18542
40260,1.9113441706,1.3398647308,0.2986904383,18761,18542
40270,1.9111939669,1.3417050838,0.2988615036,18761,18542
40280,1.9106615782,1.3431124687,0.2983726263,18761,18542
40290,1.9094593525,1.3449692726,0.2984393537,18761,18542
40300,1.9094057083,1.3469784260,0.2983660996,18761,18542
40310,1.9095491171,1.3493684530,0.2981186509,18761,18542
40320,1.9094947577,1.3513373137,0.2976231575,18761,18542
40330,1.9093111753,1.3529962301,0.2976676226,18761,18542
40340,1.9089206457,1.3541858196,0.2978940904,18761,18542
40350,1.9100295305,1.3559526205,0.2977749109,18761,18542
40360,1.9111937284,1.3591887951,0.2982114255,18761,18542
40370,1.9108407497,1.3604013920,0.2985330522,18761,18542
40380,1.9114329815,1.3628578186,0.2982428372,18761,18542
40390,1.9110224247,1.3643556833,0.2985063791,18761,18542
40400,1.9091652632,1.3667337894,0.2985068858,18761,18542
40410,1.9093376398,1.3681780100,0.2980000079,18761,18542
40420,1.9099148512,1.3710945845,0.2974883616,18761,18542
40430,1.9097830057,1.3727360964,0.2975903153,18765,18542
40440,1.9093636274,1.3748079538,0.2974459529,18765,18542
40450,1.9068269730,1.3765836954,0.2985067666,18765,18542
40460,1.9087330103,1.3794345856,0.2981586456,18765,18542
40470,1.9064173698,1.3793998957,0.2988066673,18765,18542
40480,1.9051877260,1.3812386990,0.2986546457,18765,18542
40490,1.9056012630,1.3845778704,0.2982373536,18765,18542
40500,1.9056879282,1.3827676773,0.2982971370,18765,18542
40510,1.9055008888,1.3880225420,0.2984501421,18765,18542
40520,1.9049254656,1.3876134157,0.2983018756,18765,18542
40530,1.9065002203,1.3899804354,0.2985029817,18765,18542
40540,1.9077259302,1.3881243467,0.2991643250,18765,18542
40550,1.9062323570,1.3928755522,0.2990990281,18765,18542
40560,1.9035571814,1.3996301889,0.2988599539,18765,18542
40570,1.9012006521,1.4049335718,0.2985039353,18765,18542
40580,1.9015854597,1.4040894508,0.2981012166,18765,18542
40590,1.9021184444,1.4027299881,0.2980204225,18765,18542
40600,1.9033255577,1.4022958279,0.2979387343,18765,18542
40610,1.8992193937,1.4091367722,0.2976213992,18765,18542
40620,1.8995201588,1.4109106064,0.2992829382,18765,18542
40630,1.9019371271,1.4075026512,0.2993002832,18765,18542
40640,1.9022361040,1.4064505100,0.2991843522,18765,18542
40650,1.8982784748,1.4149221182,0.2992117107,18765,18542
40660,1.8980118036,1.4157594442,0.2991113961,18765,18542
40670,1.8929792643,1.4225931168,0.3000159264,18765,18536
40680,1.8955289125,1.4192365408,0.3000593781,18765,18536
40690,1.8948473930,1.4189548492,0.2999550998,18765,18536
40700,1.8998850584,1.4132429361,0.3001157939,18765,18536
40710,1.8990017176,1.4123833179,0.3007968962,18765,18536
40720,1.8989032507,1.4121681452,0.3008180857,18765,18536
40730,1.9034674168,1.4064873457,0.3009677529,18765,18536
40740,1.8861334324,1.4321289062,0.3011209965,18765,18536
40750,1.8839628696,1.4340929985,0.3010270596,18765,18536
40760,1.8829201460,1.4340891838,0.3026615679,18765,18536
40770,1.8852047920,1.4311522245,0.3028517962,18765,18536
40780,1.8838249445,1.4323707819,0.3028868437,18765,18536
40790,1.8789628744,1.4376137257,0.3027270138,18765,18536
40800,1.8790506124,1.4356176853,0.3018122315,18765,18536
40810,1.8791111708,1.4334129095,0.3017578125,18765,18536
40820,1.8745952845,1.4365581274,0.3015020788,18765,18536
40830,1.8775776625,1.4331668615,0.3017031550,18765,18536
40840,1.8734474182,1.4376423359,0.3007290363,18765,18536
40850,1.8695031404,1.4397734404,0.3004249036,18765,18536
40860,1.8693795204,1.4376677275,0.3002488017,18765,18536
40870,1.8673646450,1.4386659861,0.3000516593,18765,18536
40880,1.8653129339,1.4394723177,0.2998302877,18765,18536
40890,1.8639086485,1.4398697615,0.2987301648,18765,18536
40900,1.8634569645,1.4382461309,0.2984944284,18765,18536
40910,1.8615254164,1.4392327070,0.2982581556,18765,18536
40920,1.8576617241,1.4417222738,0.2978698909,18762,18536
40930,1.8566070795,1.4417335987,0.2969145775,18762,18536
40940,1.8557214737,1.4379068613,0.2965494990,18762,18536
40950,1.8551756144,1.4384820461,0.2964924574,18762,18536
40960,1.8553938866,1.4375987053,0.2963957191,18762,18536
40970,1.8557943106,1.4355046749,0.2962580919,18762,18536
40980,1.8506337404,1.4384573698,0.2964937389,18762,18536
40990,1.8465439081,1.4407287836,0.2961171567,18762,18536
41000,1.8478187323,1.4366415739,0.2961435318,18762,18536
41010,1.8443251848,1.4382921457,0.2958377004,18762,18536
41020,1.8421783447,1.4405773878,0.2953752875,18762,18536
41030,1.8377864361,1.4408733845,0.2949705422,18762,18536
41040,1.8364558220,1.4409360886,0.2948624790,18762,18536
41050,1.8354911804,1.4400900602,0.2948751450,18762,18536
41060,1.8339029551,1.4381695986,0.2933430076,18762,18536
41070,1.8313720226,1.4372963905,0.2930524349,18762,18536
41080,1.8313183784,1.4368839264,0.2932180166,18762,18536
41090,1.8273025751,1.4378527403,0.2927754223,18762,18536
41100,1.8269777298,1.4378632307,0.2929961383,18762,18536
41110,1.8227467537,1.4369438887,0.2927124798,18762,18536
41120,1.8227596283,1.4369863272,0.2930041552,18762,18536
41130,1.8198218346,1.4370230436,0.2926206589,18762,18536
41140,1.8181879520,1.4370030165,0.2927310467,18762,18536
41150,1.8148648739,1.4364907742,0.2936035395,18762,18536
41160,1.8134539127,1.4365463257,0.2937637866,18762,18536
41170,1.8120738268,1.4366842508,0.2939337492,18762,18536
41180,1.8094929457,1.4359376431,0.2938325703,18762,18538
41190,1.8082023859,1.4368665218,0.2943422794,18762,18538
41200,1.8045274019,1.4359954596,0.2946361601,18762,18538
41210,1.8030971289,1.4363795519,0.2949610651,18762,18538
41220,1.8015589714,1.4353010654,0.2949737310,18762,18538
41230,1.7986482382,1.4366625547,0.2955212891,18762,18538
41240,1.7960805893,1.4344819784,0.2956233323,18762,18538
41250,1.7951482534,1.4365310669,0.2963407040,18762,18538
41260,1.7920646667,1.4341881275,0.2962360382,18762,18538
41270,1.7903368473,1.4354151487,0.2968051136,18762,18538
41280,1.7895967960,1.4326937199,0.2955829799,18762,18538
41290,1.7881784439,1.4322125912,0.2956846952,18762,18538
41300,1.7864316702,1.4320302010,0.2958031595,18762,18538
41310,1.7842360735,1.4332537651,0.2961509824,18762,18538
41320,1.7812144756,1.4322627783,0.2961795032,18762,18538
41330,1.7787537575,1.4336593151,0.2976151705,18762,18538
41340,1.7778683901,1.4323431253,0.2976680994,18762,18538
41350,1.7761399746,1.4312126637,0.2976891696,18762,18538
41360,1.7733308077,1.4327247143,0.2980993390,18762,18538
41370,1.7710614204,1.4325065613,0.2989352942,18762,18538
41380,1.7697149515,1.4319754839,0.2990729809,18762,18538
41390,1.7680510283,1.4304095507,0.2990503609,18762,18538
41400,1.7662196159,1.4290807247,0.2989963889,18762,18538
41410,1.7626687288,1.4321212769,0.2996899188,18762,18538
41420,1.7615469694,1.4309273958,0.2990400791,18759,18538
41430,1.7579681873,1.4340965748,0.2995606959,18759,18538
41440,1.7552063465,1.4357268810,0.2998877764,18759,18538
41450,1.7533917427,1.4331961870,0.2997429967,18759,18538
41460,1.7503192425,1.4332170486,0.3003476560,18759,18538
41470,1.7490689754,1.4328052998,0.3004834056,18759,18538
41480,1.7461136580,1.4348158836,0.3008871377,18759,18538
41490,1.7451174259,1.4317864180,0.3006202877,18759,18538
41500,1.7422034740,1.4336746931,0.3014594615,18759,18538
41510,1.7416323423,1.4309765100,0.3012789786,18759,18538
41520,1.7386807203,1.4332014322,0.3017545044,18759,18538
41530,1.7371256351,1.4310425520,0.3015087247,18759,18538
41540,1.7351877689,1.4323486090,0.3018559813,18759,18538
41550,1.7329018116,1.4326534271,0.3012207448,18759,18538
41560,1.7303252220,1.4339437485,0.3014586568,18759,18538
41570,1.7282185555,1.4330968857,0.3013513982,18759,18538
41580,1.7255487442,1.4343059063,0.3016064763,18759,18538
41590,1.7240194082,1.4334357977,0.3024454713,18759,18538
41600,1.7214682102,1.4344129562,0.3026573956,18759,18538
41610,1.7199620008,1.4334350824,0.3025290072,18759,18538
41620,1.7174122334,1.4349751472,0.3029087186,18759,18538
41630,1.7152472734,1.4346498251,0.3033202291,18759,18538
41640,1.7130221128,1.4358732700,0.3035845160,18759,18538
41650,1.7109949589,1.4354456663,0.3035851121,18759,18538
41660,1.7088066339,1.4349776506,0.3035355806,18759,18538
41670,1.7076145411,1.4366689920,0.3040469587,18759,18538
41680,1.7055702209,1.4361658096,0.3048103154,18759,18540
41690,1.7036380768,1.4363429546,0.3049354553,18759,18540
41700,1.7015595436,1.4359326363,0.3049009442,18759,18540
41710,1.6993998289,1.4355398417,0.3048252463,18759,18540
41720,1.6977894306,1.4353741407,0.3044346273,18759,18540
41730,1.6956679821,1.4356983900,0.3045220375,18759,18540
41740,1.6930983067,1.4350706339,0.3042862713,18759,18540
41750,1.6916099787,1.4364486933,0.3048604429,18759,18540
41760,1.6892210245,1.4359043837,0.3046202660,18759,18540
41770,1.6874228716,1.4363057613,0.3052615821,18759,18540
41780,1.6854087114,1.4360866547,0.3050724566,18759,18540
41790,1.6839617491,1.4368232489,0.3053416312,18759,18540
41800,1.6814278364,1.4363136292,0.3050473332,18759,18540
41810,1.6795010567,1.4364166260,0.3065551221,18759,18540
41820,1.6767402887,1.4358500242,0.3062933087,18759,18540
41830,1.6760636568,1.4369151592,0.3066998422,18759,18540
41840,1.6731797457,1.4365264177,0.3062190413,18759,18540
41850,1.6717523336,1.4370077848,0.3063156605,18759,18540
41860,1.6694750786,1.4369182587,0.3061853051,18759,18540
41870,1.6682571173,1.4373209476,0.3063927293,18759,18540
41880,1.6650651693,1.4367450476,0.3059642613,18759,18540
41890,1.6628763676,1.4366614819,0.3058406413,18759,18540
41900,1.6618959904,1.4370441437,0.3056831658,18759,18540
41910,1.6599147320,1.4370456934,0.3055534661,18759,18540
41920,1.6584064960,1.4371485710,0.3055420220,18765,18540
41930,1.6557276249,1.4369817972,0.3052052855,18765,18540
41940,1.6546199322,1.4370973110,0.3068108559,18765,18540
41950,1.6512875557,1.4363911152,0.3065388501,18765,18540
41960,1.6501119137,1.4365113974,0.3066643178,18765,18540
41970,1.6478272676,1.4365552664,0.3064895272,18765,18540
41980,1.6460896730,1.4366878271,0.3064549267,18765,18540
41990,1.6431796551,1.4367823601,0.3059731722,18765,18540
42000,1.6423230171,1.4369217157,0.3061616719,18765,18540
42010,1.6394728422,1.4369029999,0.3058398962,18765,18540
42020,1.6378376484,1.4363960028,0.3059207797,18765,18540
42030,1.6344799995,1.4361557961,0.3047767580,18765,18540
42040,1.6331601143,1.4361715317,0.3048148751,18765,18540
42050,1.6295849085,1.4353808165,0.3042894602,18765,18540
42060,1.6294521093,1.4355925322,0.3048359752,18765,18540
42070,1.6267366409,1.4356403351,0.3047156930,18765,18540
42080,1.6253370047,1.4356919527,0.3047349155,18765,18540
42090,1.6224616766,1.4356759787,0.3044559360,18765,18540
42100,1.6217014790,1.4359250069,0.3046891093,18765,18540
42110,1.6188315153,1.4358209372,0.3043698072,18765,18540
42120,1.6170303822,1.4358096123,0.3058854938,18765,18540
42130,1.6160615683,1.4360569715,0.3061259985,18765,18540
42140,1.6132082939,1.4364342690,0.3058747947,18765,18540
42150,1.6113762856,1.4357643127,0.3060093224,18765,18540
42160,1.6090980768,1.4355518818,0.3050733209,18765,18540
42170,1.6066818237,1.4354100227,0.3048838079,18765,18540
42180,1.6062524319,1.4354904890,0.3052585125,18765,18540
42190,1.6039766073,1.4353783131,0.3050740361,18765,18540
42200,1.6004972458,1.4351704121,0.3044902086,18765,18540
42210,1.5995626450,1.4354707003,0.3048748076,18765,18540
42220,1.5972495079,1.4355431795,0.3046751618,18765,18540
42230,1.5950288773,1.4355055094,0.3045006692,18765,18540
42240,1.5921808481,1.4349271059,0.3041354120,18765,18540
42250,1.5920245647,1.4353939295,0.3044224083,18765,18540
42260,1.5880519152,1.4350807667,0.3038588762,18765,18540
42270,1.5871808529,1.4352165461,0.3041446507,18765,18540
42280,1.5846993923,1.4348268509,0.3039409816,18765,18540
42290,1.5850932598,1.4346071482,0.3044668734,18765,18540
42300,1.5807068348,1.4338414669,0.3037926257,18765,18540
42310,1.5803223848,1.4346860647,0.3043693602,18765,18540
42320,1.5776629448,1.4346019030,0.3040596247,18765,18540
42330,1.5767273903,1.4349292517,0.3044021130,18765,18540
42340,1.5735940933,1.4348703623,0.3039387465,18765,18540
42350,1.5698920488,1.4344320297,0.3038585484,18765,18540
42360,1.5692931414,1.4345217943,0.3036769331,18765,18540
42370,1.5674805641,1.4347914457,0.3037052155,18765,18540
42380,1.5658186674,1.4348676205,0.3042525649,18765,18540
42390,1.5629287958,1.4339226484,0.3040266037,18765,18540
42400,1.5623652935,1.4344595671,0.3044148088,18765,18540
42410,1.5586867332,1.4348214865,0.3038847148,18765,18540
42420,1.5569645166,1.4348071814,0.3040059507,18756,18540
42430,1.5547488928,1.4348182678,0.3039255440,18756,18540
42440,1.5535188913,1.4343878031,0.3041303158,18756,18540
42450,1.5502372980,1.4341493845,0.3037046194,18756,18540
42460,1.5486921072,1.4342103004,0.3037809134,18756,18540
42470,1.5459676981,1.4344452620,0.3040342331,18756,18540
42480,1.5445386171,1.4350048304,0.3040679693,18756,18540
42490,1.5422344208,1.4344056845,0.3039439917,18756,18540
42500,1.5406876802,1.4344918728,0.3040108383,18756,18540
42510,1.5387750864,1.4346144199,0.3020081222,18756,18540
42520,1.5354913473,1.4344089031,0.3015417755,18756,18540
42530,1.5326837301,1.4340590239,0.3011282682,18756,18540
42540,1.5317407846,1.4338729382,0.3013332188,18756,18540
42550,1.5296207666,1.4336987734,0.3010893464,18756,18540
42560,1.5281368494,1.4338848591,0.3014419675,18756,18540
42570,1.5247427225,1.4340171814,0.3009631038,18756,18540
42580,1.5231503248,1.4340268373,0.3009114265,18756,18540
42590,1.5206227303,1.4335230589,0.3006549478,18756,18540
42600,1.5184576511,1.4318947792,0.3019444942,18756,18540
42610,1.5169519186,1.4312739372,0.3018917739,18756,18540
42620,1.5142529011,1.4310941696,0.3016349971,18756,18540
42630,1.5130698681,1.4314782619,0.3017385602,18756,18540
42640,1.5106259584,1.4328664541,0.3014517128,18756,18540
42650,1.5103545189,1.4326075315,0.3019454777,18756,18540
42660,1.5075234175,1.4307671785,0.3018757105,18756,18540
42670,1.5061997175,1.4313297272,0.3018838763,18756,18537
42680,1.5034506321,1.4318013191,0.3015058041,18756,18537
42690,1.5020306110,1.4322624207,0.2996500432,18756,18537
42700,1.5002760887,1.4322243929,0.2995301187,18756,18537
42710,1.4977257252,1.4314839840,0.2993153334,18756,18537
42720,1.4944639206,1.4299941063,0.2988556027,18756,18537
42730,1.4937579632,1.4308854342,0.3006935120,18756,18537
42740,1.4920148849,1.4331371784,0.3005181551,18756,18537
42750,1.4900438786,1.4315152168,0.3008139133,18756,18537
42760,1.4872270823,1.4307514429,0.3005636334,18756,18537
42770,1.4862282276,1.4306952953,0.3008684516,18756,18537
42780,1.4834800959,1.4305018187,0.3011520207,18756,18537
42790,1.4812811613,1.4304904938,0.3010857105,18756,18537
42800,1.4790377617,1.4304739237,0.3010215759,18756,18537
42810,1.4773433208,1.4306139946,0.3011307716,18756,18537
42820,1.4756271839,1.4307249784,0.3023378253,18756,18537
42830,1.4735320807,1.4287490845,0.3025225997,18756,18537
42840,1.4716763496,1.4299519062,0.3026844859,18756,18537
42850,1.4698110819,1.4289224148,0.3028858304,18756,18537
42860,1.4682414532,1.4288135767,0.3030979931,18756,18537
42870,1.4653635025,1.4280457497,0.3025699258,18756,18537
42880,1.4641813040,1.4274929762,0.3028429151,18756,18537
42890,1.4616994858,1.4263230562,0.3027256429,18756,18537
42900,1.4595364332,1.4275587797,0.3028270900,18756,18537
42910,1.4564214945,1.4265481234,0.3034962714,18756,18537
42920,1.4553972483,1.4269790649,0.3038718104,18763,18537
42930,1.4537349939,1.4274396896,0.3040261269,18763,18537
42940,1.4520975351,1.4255931377,0.3042701185,18763,18537
42950,1.4495278597,1.4257105589,0.3021025062,18763,18537
42960,1.4473916292,1.4257340431,0.3019414246,18763,18537
42970,1.4452390671,1.4257770777,0.3017512262,18763,18537
42980,1.4436292648,1.4251248837,0.3017424941,18763,18537
42990,1.4410345554,1.4247684479,0.3013460040,18763,18537
43000,1.4393811226,1.4233025312,0.3020218313,18763,18537
43010,1.4366624355,1.4237583876,0.3017729521,18763,18537
43020,1.4349930286,1.4238085747,0.3018364012,18763,18537
43030,1.4323860407,1.4237189293,0.3015203774,18763,18537
43040,1.4312257767,1.4239363670,0.3015221357,18763,18537
43050,1.4286273718,1.4238897562,0.3012371063,18763,18537
43060,1.4265923500,1.4231063128,0.3011009991,18763,18537
43070,1.4249300957,1.4231418371,0.3011527061,18763,18537
43080,1.4229323864,1.4226335287,0.3010302484,18763,18537
43090,1.4212024212,1.4221361876,0.3017772138,18763,18537
43100,1.4185593128,1.4218060970,0.3014923334,18763,18537
43110,1.4168469906,1.4220597744,0.3015615046,18763,18537
43120,1.4146307707,1.4221224785,0.3014054000,18763,18537
43130,1.4124032259,1.4219309092,0.3011324108,18763,18537
43140,1.4106301069,1.4219551086,0.3011507690,18763,18537
43150,1.4090180397,1.4213780165,0.3012105823,18763,18537
43160,1.4061598778,1.4208612442,0.3007949293,18763,18537
43170,1.4045746326,1.4209560156,0.3005953729,18763,18539
43180,1.4025440216,1.4209170341,0.3005232215,18763,18539
43190,1.4013687372,1.4211225510,0.3007729948,18763,18539
43200,1.3988788128,1.4208240509,0.3005682826,18763,18539
43210,1.3958600760,1.4204416275,0.3000872731,18763,18539
43220,1.3935052156,1.4203306437,0.3011662066,18763,18539
43230,1.3916624784,1.4204373360,0.3012460172,18763,18539
43240,1.3898427486,1.4203894138,0.3013246059,18763,18539
43250,1.3880937099,1.4203228951,0.3014341295,18763,18539
43260,1.3855279684,1.4200749397,0.3019049764,18763,18539
43270,1.3839091063,1.4201600552,0.3020659089,18763,18539
43280,1.3809816837,1.4212470055,0.3017988503,18763,18539
43290,1.3803170919,1.4217314720,0.3024372160,18763,18539
43300,1.3778105974,1.4209294319,0.3023214340,18763,18539
43310,1.3752386570,1.4206508398,0.3020890653,18763,18539
43320,1.3730214834,1.4204272032,0.3020582795,18763,18539
43330,1.3707773685,1.4207791090,0.3020021021,18763,18539
43340,1.3689547777,1.4193110466,0.3021940887,18763,18539
43350,1.3662414551,1.4195901155,0.3027921021,18763,18539
43360,1.3646041155,1.4195237160,0.3029909730,18763,18539
43370,1.3631303310,1.4214416742,0.3032685816,18763,18539
43380,1.3609669209,1.4202451706,0.3033893704,18763,18539
43390,1.3582890034,1.4202303886,0.3043300509,18763,18539
43400,1.3567314148,1.4203361273,0.3046079874,18763,18539
43410,1.3549498320,1.4178668261,0.3048941493,18763,18539
43420,1.3529301882,1.4195170403,0.3052000105,18757,18539
43430,1.3499773741,1.4195402861,0.3050610721,18757,18539
43440,1.3488484621,1.4196447134,0.3065431714,18757,18539
43450,1.3457387686,1.4191343784,0.3064887226,18757,18539
43460,1.3446407318,1.4192562103,0.3069029152,18757,18539
43470,1.3417824507,1.4193128347,0.3068070710,18757,18539
43480,1.3401436806,1.4193639755,0.3070393503,18757,18539
43490,1.3365825415,1.4186584949,0.3068245649,18757,18539
43500,1.3350961208,1.4191960096,0.3070880771,18757,18539
43510,1.3342366219,1.4190777540,0.3075345457,18757,18539
43520,1.3316093683,1.4189707041,0.3074477315,18757,18539
43530,1.3293893337,1.4187874794,0.3080989122,18757,18539
43540,1.3272373676,1.4187462330,0.3081411421,18757,18539
43550,1.3263086081,1.4188808203,0.3084952533,18757,18539
43560,1.3234912157,1.4194658995,0.3083330691,18757,18539
43570,1.3224958181,1.4202305079,0.3079829812,18757,18539
43580,1.3201501369,1.4202432632,0.3079154491,18757,18539
43590,1.3182791471,1.4196146727,0.3079866171,18757,18539
43600,1.3145895004,1.4193230867,0.3075203001,18757,18539
43610,1.3133925200,1.4191367626,0.3082960248,18757,18539
43620,1.3103863001,1.4187481403,0.3080552816,18757,18539
43630,1.3094731569,1.4191700220,0.3083656132,18757,18539
43640,1.3067060709,1.4203016758,0.3081413209,18757,18539
43650,1.3052725792,1.4202411175,0.3083093166,18757,18539
43660,1.3019098043,1.4203078747,0.3083139956,18757,18539
43670,1.3005522490,1.4196721315,0.3084654510,18757,18545
43680,1.2977689505,1.4196060896,0.3082434237,18757,18545
43690,1.2977451086,1.4189523458,0.3087734878,18757,18545
43700,1.2941620350,1.4209531546,0.3094419837,18757,18545
43710,1.2919062376,1.4189686775,0.3094800115,18757,18545
43720,1.2902733088,1.4187481403,0.3095508218,18757,18545
43730,1.2885760069,1.4192976952,0.3096254766,18757,18545
43740,1.2855265141,1.4194763899,0.3093455136,18757,18545
43750,1.2839180231,1.4195239544,0.3096504807,18757,18545
43760,1.2800853252,1.4196283817,0.3092311919,18757,18545
43770,1.2786095142,1.4196832180,0.3093549013,18757,18545
43780,1.2772086859,1.4196722507,0.3094914854,18757,18545
43790,1.2759464979,1.4203120470,0.3093800247,18757,18545
43800,1.2746378183,1.4189651012,0.3094522953,18757,18545
43810,1.2703458071,1.4189108610,0.3089573085,18757,18545
43820,1.2689081430,1.4194272757,0.3090102375,18757,18545
43830,1.2658420801,1.4202983379,0.3103255033,18757,18545
43840,1.2657806873,1.4201694727,0.3106771111,18757,18545
43850,1.2619609833,1.4203338623,0.3102959394,18757,18545
43860,1.2611424923,1.4202945232,0.3105496466,18757,18545
43870,1.2566355467,1.4203034639,0.3098915815,18757,18545
43880,1.2559300661,1.4201352596,0.3085486591,18757,18545
43890,1.2544680834,1.4199684858,0.3084728122,18757,18545
43900,1.2523376942,1.4198535681,0.3082409501,18757,18545
43910,1.2479265928,1.4197695255,0.3074620962,18757,18545
43920,1.2474820614,1.4196681976,0.3062807024,18763,18545
43930,1.2446517944,1.4198070765,0.3057981133,18763,18545
43940,1.2433751822,1.4206514359,0.3056179881,18763,18545
43950,1.2396566868,1.4202290773,0.3049219847,18763,18545
43960,1.2390702963,1.4202010632,0.3050040007,18763,18545
43970,1.2356026173,1.4203099012,0.3031646609,18763,18545
43980,1.2350713015,1.4202698469,0.3030826449,18763,18545
43990,1.2353377342,1.4201854467,0.3031253517,18763,18545
44000,1.2316769361,1.4201511145,0.3024820387,18763,18545
44010,1.2285932302,1.4200637341,0.3027094603,18763,18545
44020,1.2268180847,1.4198788404,0.3024151623,18763,18545
44030,1.2266285419,1.4202666283,0.3024597764,18763,18545
44040,1.2233462334,1.4203462601,0.3019106686,18763,18545
44050,1.2230668068,1.4202456474,0.3024367392,18763,18545
44060,1.2181448936,1.4198532104,0.3017846048,18763,18545
44070,1.2173966169,1.4204298258,0.3018184900,18763,18545
44080,1.2142461538,1.4205628633,0.3012980819,18763,18545
44090,1.2136189938,1.4212059975,0.3014541566,18763,18545
44100,1.2114071846,1.4213546515,0.3014267981,18763,18545
44110,1.2093151808,1.4214693308,0.3012283444,18763,18545
44120,1.2072596550,1.4215662479,0.3010622561,18763,18545
44130,1.2057199478,1.4215170145,0.3010985851,18763,18545
44140,1.2028064728,1.4219974279,0.3020693064,18763,18545
44150,1.2018393278,1.4218922853,0.3023572266,18763,18545
44160,1.1995428801,1.4223340750,0.3023197949,18763,18545
44170,1.1985995770,1.4228160381,0.3026316464,18763,18542
44180,1.1954530478,1.4226310253,0.3024163544,18763,18542
44190,1.1930166483,1.4236830473,0.3034282029,18763,18542
44200,1.1905506849,1.4235690832,0.3034590483,18763,18542
44210,1.1889455318,1.4234795570,0.3037281036,18763,18542
44220,1.1867719889,1.4228187799,0.3038241267,18763,18542
44230,1.1853874922,1.4225902557,0.3036829829,18763,18542
44240,1.1826140881,1.4232174158,0.3036479950,18763,18542
44250,1.1805872917,1.4232221842,0.3037368953,18763,18542
44260,1.1784865856,1.4233205318,0.3038046062,18763,18542
44270,1.1772618294,1.4234758615,0.3024892509,18763,18542
44280,1.1766434908,1.4229032993,0.3027256429,18763,18542
44290,1.1743714809,1.4230822325,0.3026875854,18763,18542
44300,1.1719405651,1.4233573675,0.3025940955,18763,18542
44310,1.1687443256,1.4223035574,0.3022952974,18763,18542
44320,1.1676601171,1.4229736328,0.3035871685,18763,18542
44330,1.1650044918,1.4225001335,0.3034651577,18763,18542
44340,1.1633021832,1.4231852293,0.3035594523,18763,18542
44350,1.1601639986,1.4227679968,0.3032873273,18763,18542
44360,1.1595367193,1.4226690531,0.3034359515,18763,18542
44370,1.1567114592,1.4228340387,0.3032777011,18763,18542
44380,1.1562504768,1.4229130745,0.3036074936,18763,18542
44390,1.1535404921,1.4223797321,0.3034440279,18763,18542
44400,1.1522057056,1.4219459295,0.3035842478,18763,18542
44410,1.1499060392,1.4221358299,0.3037405908,18763,18542
44420,1.1483266354,1.4222579002,0.3038725853,18763,18542
44430,1.1458632946,1.4225006104,0.3038141727,18766,18542
44440,1.1448827982,1.4227129221,0.3040934503,18766,18542
44450,1.1424124241,1.4221652746,0.3048119843,18766,18542
44460,1.1399149895,1.4222133160,0.3048109412,18766,18542
44470,1.1375428438,1.4215210676,0.3048141599,18766,18542
44480,1.1358492374,1.4214048386,0.3050161302,18766,18542
44490,1.1335716248,1.4218850136,0.3038623631,18766,18542
44500,1.1314198971,1.4218567610,0.3038812280,18766,18542
44510,1.1307675838,1.4212306738,0.3042575121,18766,18542
44520,1.1280908585,1.4213197231,0.3041483164,18766,18542
44530,1.1267317533,1.4215281010,0.3044046164,18766,18542
44540,1.1240278482,1.4210489988,0.3045391440,18766,18542
44550,1.1224410534,1.4213907719,0.3046861291,18766,18542
44560,1.1207152605,1.4217047691,0.3047778010,18766,18542
44570,1.1198790073,1.4196838140,0.3050677180,18766,18542
44580,1.1160192490,1.4209749699,0.3044403493,18766,18542
44590,1.1141860485,1.4209644794,0.3044935465,18766,18542
44600,1.1117503643,1.4208717346,0.3043780029,18766,18542
44610,1.1112120152,1.4210541248,0.3049106896,18766,18542
44620,1.1096812487,1.4210441113,0.3050367534,18766,18542
44630,1.1070473194,1.4210402966,0.3044739962,18766,18542
44640,1.1038136482,1.4209225178,0.3040962517,18766,18542
44650,1.1026034355,1.4216113091,0.3044133186,18766,18542
44660,1.1005249023,1.4215948582,0.3043263257,18766,18542
44670,1.0988857746,1.4222624302,0.3034355044,18766,18551
44680,1.0963621140,1.4219387770,0.3031686544,18766,18551
44690,1.0946840048,1.4222733974,0.3031746149,18766,18551
44700,1.0929322243,1.4227325916,0.3031765521,18766,18551
44710,1.0911612511,1.4233489037,0.3042968512,18766,18551
44720,1.0885505676,1.4230003357,0.3041273355,18766,18551
44730,1.0865013599,1.4250301123,0.3041560650,18766,18551
44740,1.0838986635,1.4247285128,0.3039311469,18766,18551
44750,1.0823724270,1.4243967533,0.3041034937,18766,18551
44760,1.0809084177,1.4239836931,0.3049779832,18766,18551
44770,1.0788981915,1.4237439632,0.3049500585,18766,18551
44780,1.0779069662,1.4241367579,0.3052325547,18766,18551
44790,1.0745128393,1.4252786636,0.3049553931,18766,18551
44800,1.0729739666,1.4251372814,0.3050457239,18766,18551
44810,1.0701075792,1.4251437187,0.3048458397,18766,18551
44820,1.0679064989,1.4245060682,0.3047474027,18766,18551
44830,1.0669113398,1.4252524376,0.3050433695,18766,18551
44840,1.0661523342,1.4246300459,0.3052712381,18766,18551
44850,1.0623683929,1.4247827530,0.3048194051,18766,18551
44860,1.0613740683,1.4269361496,0.3050540090,18766,18551
44870,1.0577950478,1.4251108170,0.3047354221,18766,18551
44880,1.0556914806,1.4245359898,0.3045708835,18766,18551
44890,1.0547988415,1.4257755280,0.3041317165,18766,18551
44900,1.0525588989,1.4250901937,0.3039023578,18766,18551
44910,1.0506141186,1.4251267910,0.3036941886,18766,18551
44920,1.0478110313,1.4252606630,0.3033166528,18757,18551
44930,1.0441704988,1.4254323244,0.3012324274,18757,18551
44940,1.0446026325,1.4254388809,0.3014001250,18757,18551
44950,1.0408115387,1.4257353544,0.3007921576,18757,18551
44960,1.0386990309,1.4258760214,0.3004546463,18757,18551
44970,1.0355733633,1.4253437519,0.2998736203,18757,18551
44980,1.0335359573,1.4254035950,0.2999933958,18757,18551
44990,1.0323624611,1.4254927635,0.2998387218,18757,18551
45000,1.0304404497,1.4256553650,0.2995352745,18757,18551
45010,1.0302381516,1.4250575304,0.2996294796,18757,18551
45020,1.0248610973,1.4261448383,0.2994785905,18757,18551
45030,1.0236333609,1.4261579514,0.2994071841,18757,18551
45040,1.0222951174,1.4254150391,0.2993415296,18757,18551
45050,1.0217071772,1.4254624844,0.2994333208,18757,18551
45060,1.0155643225,1.4263784885,0.2986140251,18757,18551
45070,1.0140556097,1.4264622927,0.2985764444,18757,18551
45080,1.0118368864,1.4265704155,0.2984000444,18757,18551
45090,1.0112441778,1.4265556335,0.2987236679,18757,18551
45100,1.0086058378,1.4273948669,0.2984661162,18757,18551
45110,1.0051732063,1.4273835421,0.2988131940,18757,18551
45120,1.0024816990,1.4272520542,0.2986843288,18757,18551
45130,1.0027037859,1.4277054071,0.2993888557,18757,18551
45140,1.0012893677,1.4268919230,0.2996314764,18757,18551
45150,0.9985520244,1.4269018173,0.3001181483,18757,18551
45160,0.9944890738,1.4276595116,0.2998297811,18757,18551
45170,0.9941927791,1.4276747704,0.3004120588,18757,18551
45180,0.9909865856,1.4277023077,0.3002665341,18757,18547
45190,0.9900062680,1.4278224707,0.3006935418,18757,18547
45200,0.9862254262,1.4280766249,0.3005920351,18757,18547
45210,0.9858313799,1.4274555445,0.3011713326,18757,18547
45220,0.9812293053,1.4269669056,0.3007470071,18757,18547
45230,0.9805874228,1.4270297289,0.3013141155,18757,18547
45240,0.9793308973,1.4271510839,0.3017764986,18757,18547
45250,0.9766486287,1.4273158312,0.3017775714,18757,18547
45260,0.9754660130,1.4274699688,0.3020712137,18757,18547
45270,0.9726549387,1.4276012182,0.3020091355,18757,18547
45280,0.9718428254,1.4278627634,0.3034116328,18757,18547
45290,0.9688960314,1.4265745878,0.3035388589,18757,18547
45300,0.9677918553,1.4266211987,0.3038973808,18757,18547
45310,0.9650249481,1.4265650511,0.3039379716,18757,18547
45320,0.9630123377,1.4265753031,0.3041072190,18757,18547
45330,0.9594112039,1.4260363579,0.3047645092,18757,18547
45340,0.9577754736,1.4261951447,0.3050490022,18757,18547
45350,0.9556030631,1.4264503717,0.3051941693,18757,18547
45360,0.9548724890,1.4260416031,0.3057916462,18757,18547
45370,0.9517259598,1.4265880585,0.3045880497,18757,18547
45380,0.9490647912,1.4264128208,0.3045664430,18757,18547
45390,0.9464786649,1.4269438982,0.3044808209,18757,18547
45400,0.9464042783,1.4263116121,0.3051790297,18757,18547
45410,0.9449250698,1.4256142378,0.3053776026,18757,18547
45420,0.9412869811,1.4249217510,0.3050140440,18756,18547
45430,0.9378027320,1.4255566597,0.3047158718,18756,18547
45440,0.9353421926,1.4254702330,0.3046607673,18756,18547
45450,0.9342806935,1.4262280464,0.3050875664,18756,18547
45460,0.9338362813,1.4263981581,0.3066338301,18756,18547
45470,0.9300759435,1.4266314507,0.3063815236,18756,18547
45480,0.9281093478,1.4267109632,0.3064789772,18756,18547
45490,0.9254139662,1.4268335104,0.3063348234,18756,18547
45500,0.9250976443,1.4267617464,0.3062731028,18756,18547
45510,0.9235266447,1.4267991781,0.3063767254,18756,18547
45520,0.9218869805,1.4268237352,0.3064467907,18756,18547
45530,0.9204155207,1.4282795191,0.3064825535,18756,18547
45540,0.9163975120,1.4283486605,0.3059562743,18756,18547
45550,0.9152579904,1.4274260998,0.3066585660,18756,18547
45560,0.9126988649,1.4273544550,0.3064754605,18756,18547
45570,0.9114424586,1.4280455112,0.3066256642,18756,18547
45580,0.9106532931,1.4278471470,0.3069613576,18756,18547
45590,0.9078547359,1.4277421236,0.3060095310,18756,18547
45600,0.9038514495,1.4278707504,0.3054603636,18756,18547
45610,0.9033747315,1.4280840158,0.3059232831,18756,18547
45620,0.9007056952,1.4295430183,0.3055813611,18756,18547
45630,0.8997337818,1.4295005798,0.3058681190,18756,18547
45640,0.8971145749,1.4295848608,0.3048518300,18756,18547
45650,0.8956097960,1.4295262098,0.3048136234,18756,18547
45660,0.8923556209,1.4294794798,0.3043164313,18756,18547
45670,0.8908515573,1.4293534756,0.3043560088,18756,18547
45680,0.8892782331,1.4298441410,0.3038067818,18756,18550
45690,0.8877198696,1.4305193424,0.3036662340,18756,18550
45700,0.8848897815,1.4304920435,0.3032199442,18756,18550
45710,0.8826735616,1.4305063486,0.3029043674,18756,18550
45720,0.8804561496,1.4305248260,0.3027429879,18756,18550
45730,0.8789328933,1.4304916859,0.3025845289,18756,18550
45740,0.8781409860,1.4305564165,0.3025959134,18756,18550
45750,0.8766380548,1.4312710762,0.3024531901,18756,18550
45760,0.8737357259,1.4313682318,0.3020257056,18756,18550
45770,0.8707662225,1.4314959049,0.3008453250,18756,18550
45780,0.8699085712,1.4323226213,0.3008476496,18756,18550
45790,0.8676491380,1.4322649240,0.3005484939,18756,18550
45800,0.8661031723,1.4321895838,0.3004222214,18756,18550
45810,0.8637094498,1.4328240156,0.3016437590,18756,18550
45820,0.8621137738,1.4325863123,0.3015980721,18756,18550
45830,0.8589656353,1.4333937168,0.3012684286,18756,18550
45840,0.8581321836,1.4331436157,0.3014504611,18756,18550
45850,0.8550210595,1.4332050085,0.3010803461,18756,18550
45860,0.8544119596,1.4331820011,0.3004014194,18756,18550
45870,0.8530278802,1.4339423180,0.3003823757,18756,18550
45880,0.8508645296,1.4340664148,0.3002133965,18756,18550
45890,0.8478200436,1.4342365265,0.2998690605,18756,18550
45900,0.8446592093,1.4343934059,0.3012633622,18756,18550
45910,0.8441060185,1.4343042374,0.3014856279,18756,18550
45920,0.8418591022,1.4342951775,0.3013847768,18760,18550
45930,0.8396331668,1.4343042374,0.3012894988,18760,18550
45940,0.8363649249,1.4351148605,0.3021313846,18760,18550
45950,0.8333142996,1.4351655245,0.3019513488,18760,18550
45960,0.8330178261,1.4351518154,0.3023288846,18760,18550
45970,0.8301492929,1.4353008270,0.3021755517,18760,18550
45980,0.8289479613,1.4361417294,0.3024092317,18760,18550
45990,0.8286638260,1.4362890720,0.3040861487,18760,18550
46000,0.8248265982,1.4365192652,0.3039236069,18760,18550
46010,0.8225383759,1.4373409748,0.3039461076,18760,18550
46020,0.8211998343,1.4372538328,0.3041665852,18760,18550
46030,0.8198502660,1.4371405840,0.3026406467,18760,18550
46040,0.8165335059,1.4370107651,0.3024158478,18760,18550
46050,0.8141198158,1.4370239973,0.3023002446,18760,18550
46060,0.8118373752,1.4370108843,0.3021933734,18760,18550
46070,0.8110117912,1.4376791716,0.3024578989,18760,18550
46080,0.8085811734,1.4383937120,0.3017524481,18760,18550
46090,0.8070019484,1.4382811785,0.3017073274,18760,18550
46100,0.8034613132,1.4383792877,0.3013098836,18760,18550
46110,0.8032218814,1.4384568930,0.3015606701,18760,18550
46120,0.8016452193,1.4391922951,0.3029025495,18760,18550
46130,0.8001332283,1.4394000769,0.3028971851,18760,18550
46140,0.7965869308,1.4395565987,0.3025980592,18760,18550
46150,0.7929559350,1.4396859407,0.3021854758,18760,18550
46160,0.7912116051,1.4397078753,0.3017116785,18760,18550
46170,0.7896046638,1.4403185844,0.3016560376,18760,18550
46180,0.7871474028,1.4395025969,0.3015180826,18760,18550
46190,0.7850807905,1.4400745630,0.3014121056,18760,18550
46200,0.7813557982,1.4400880337,0.3009356856,18760,18550
46210,0.7804824710,1.4400620461,0.3007161915,18760,18550
46220,0.7779207230,1.4393587112,0.3005331755,18760,18550
46230,0.7762899399,1.4402254820,0.3005536497,18760,18550
46240,0.7744880915,1.4404481649,0.3005235195,18760,18550
46250,0.7716241479,1.4406691790,0.3001469970,18760,18550
46260,0.7694977522,1.4409552813,0.3000250459,18760,18550
46270,0.7689768672,1.4403635263,0.3002035916,18760,18550
46280,0.7684558034,1.4404455423,0.3003202081,18760,18550
46290,0.7641278505,1.4404456615,0.2998200953,18760,18550
46300,0.7607622147,1.4411774874,0.3011502028,18760,18550
46310,0.7573649883,1.4411016703,0.3008401692,18760,18550
46320,0.7558870316,1.4410743713,0.3009539843,18760,18550
46330,0.7537874579,1.4411494732,0.3009112775,18760,18550
46340,0.7545861602,1.4419726133,0.3017868102,18760,18550
46350,0.7501459718,1.4420624971,0.3014586568,18760,18550
46360,0.7490679622,1.4413111210,0.3016772568,18760,18550
46370,0.7464426160,1.4420847893,0.3015445471,18760,18550
46380,0.7469230890,1.4421045780,0.3013074398,18760,18550
46390,0.7422053218,1.4422628880,0.3009722233,18760,18550
46400,0.7395621538,1.4408642054,0.3008913398,18760,18550
46410,0.7381244898,1.4415870905,0.3009847105,18760,18550
46420,0.7357064486,1.4414526224,0.3008902371,18760,18550
46430,0.7332067490,1.4415478706,0.3024165332,18770,18550
46440,0.7324261665,1.4416856766,0.3027040958,18770,18550
46450,0.7301977277,1.4419511557,0.3026996851,18770,18550
46460,0.7272155285,1.4421519041,0.3025300503,18770,18550
46470,0.7266431451,1.4422167540,0.3017963469,18770,18550
46480,0.7244521379,1.4421387911,0.3017684519,18770,18550
46490,0.7229275703,1.4414235353,0.3018764853,18770,18550
46500,0.7199084163,1.4415005445,0.3016647398,18770,18550
46510,0.7190433741,1.4408909082,0.3019466102,18770,18550
46520,0.7158012986,1.4410500526,0.3021937013,18770,18550
46530,0.7141592503,1.4412486553,0.3022721112,18770,18550
46540,0.7115810513,1.4408057928,0.3021683693,18770,18550
46550,0.7108095288,1.4411166906,0.3024548888,18770,18550
46560,0.7076896429,1.4414691925,0.3020903170,18770,18550
46570,0.7067040801,1.4402484894,0.3023478091,18770,18550
46580,0.7030767798,1.4405295849,0.3019838035,18770,18550
46590,0.7010453343,1.4414364100,0.3019120991,18770,18550
46600,0.7003411055,1.4407583475,0.3010099828,18770,18550
46610,0.7003489733,1.4407356977,0.3012517393,18770,18550
46620,0.6933875680,1.4410951138,0.3003577888,18770,18550
46630,0.6925239563,1.4412796497,0.3006944954,18770,18550
46640,0.6902968287,1.4415163994,0.3004932702,18770,18550
46650,0.6894600987,1.4416303635,0.3008174598,18770,18550
46660,0.6874136925,1.4417732954,0.3006642461,18770,18550
46670,0.6865737438,1.4409717321,0.3008962572,18770,18554
46680,0.6821292639,1.4410997629,0.3001943827,18770,18554
46690,0.6799780130,1.4409577847,0.3004425466,18770,18554
46700,0.6795219183,1.4400056601,0.3008186817,18770,18554
46710,0.6780177951,1.4400018454,0.3008697331,18770,18554
46720,0.6771514416,1.4408402443,0.3010683060,18770,18554
46730,0.6739109755,1.4411511421,0.3000467420,18770,18554
46740,0.6714939475,1.4407418966,0.2998523116,18770,18554
46750,0.6691197753,1.4410271645,0.2996321619,18770,18554
46760,0.6674045920,1.4412443638,0.2995917201,18770,18554
46770,0.6662337780,1.4406036139,0.2997607887,18770,18554
46780,0.6639413238,1.4399955273,0.2996460199,18770,18554
46790,0.6622300744,1.4400458336,0.2995675504,18770,18554
46800,0.6595350504,1.4408754110,0.2992147505,18770,18554
46810,0.6568716764,1.4411258698,0.2988182902,18770,18554
46820,0.6551687717,1.4404350519,0.2993145585,18770,18554
46830,0.6535994411,1.4403855801,0.2993574142,18770,18554
46840,0.6515859962,1.4404925108,0.2992883027,18770,18554
46850,0.6490064859,1.4406268597,0.2990249395,18770,18554
46860,0.6474084258,1.4406135082,0.2991183102,18770,18554
46870,0.6458002329,1.4407272339,0.2999032438,18770,18554
46880,0.6442264915,1.4407234192,0.2999924421,18770,18554
46890,0.6421434283,1.4409174919,0.2999473512,18770,18554
46900,0.6404347420,1.4410022497,0.3000187576,18770,18554
46910,0.6376984715,1.4411549568,0.2998292744,18770,18554
46920,0.6364551783,1.4411200285,0.3000251949,18762,18554
46930,0.6337435246,1.4397319555,0.2998141348,18762,18554
46940,0.6325847507,1.4403343201,0.3001460433,18762,18554
46950,0.6318480968,1.4403899908,0.3018660545,18762,18554
46960,0.6297605038,1.4405453205,0.3018838167,18762,18554
46970,0.6291427016,1.4405311346,0.3022099435,18762,18554
46980,0.6252862215,1.4410203695,0.3018757999,18762,18554
46990,0.6233891845,1.4414982796,0.3019188046,18762,18554
47000,0.6210387945,1.4412082434,0.2999020815,18762,18554
47010,0.6202463508,1.4412546158,0.3002216518,18762,18554
47020,0.6191309690,1.4404973984,0.3004046381,18762,18554
47030,0.6170504093,1.4405102730,0.3002545238,18762,18554
47040,0.6149490476,1.4405435324,0.3008281291,18762,18554
47050,0.6129679084,1.4404333830,0.3007516563,18762,18554
47060,0.6098133922,1.4405245781,0.3003492355,18762,18554
47070,0.6086750031,1.4404678345,0.3006637096,18762,18554
47080,0.6065241098,1.4407056570,0.3005359471,18762,18554
47090,0.6054916382,1.4407767057,0.3004946411,18762,18554
47100,0.6023274660,1.4411710501,0.3001128435,18762,18554
47110,0.6007214189,1.4413683414,0.3001810312,18762,18554
47120,0.5990349054,1.4421337843,0.3002475500,18762,18554
47130,0.5974557400,1.4421994686,0.3005684912,18762,18554
47140,0.5969485641,1.4419876337,0.3008203208,18762,18554
47150,0.5943492055,1.4420307875,0.3006029427,18762,18554
47160,0.5905582309,1.4427927732,0.2999850512,18762,18554
47170,0.5886788368,1.4425902367,0.3026614785,18762,18561
47180,0.5874353051,1.4422630072,0.3029463291,18762,18561
47190,0.5863056183,1.4419714212,0.3032391965,18762,18561
47200,0.5858681202,1.4417130947,0.3036947846,18762,18561
47210,0.5818095207,1.4433335066,0.3033674955,18762,18561
47220,0.5793769956,1.4430092573,0.3039390445,18762,18561
47230,0.5764418840,1.4439803362,0.3038372993,18762,18561
47240,0.5757060051,1.4434096813,0.3043020964,18762,18561
47250,0.5747926831,1.4435203075,0.3046998084,18762,18561
47260,0.5719388127,1.4444100857,0.3035538793,18762,18561
47270,0.5691921115,1.4445840120,0.3034226000,18762,18561
47280,0.5671241283,1.4445463419,0.3034313321,18762,18561
47290,0.5656862855,1.4443215132,0.3036026657,18762,18561
47300,0.5655398965,1.4439811707,0.3041578829,18762,18561
47310,0.5614692569,1.4446178675,0.3013879061,18762,18561
47320,0.5599697232,1.4445024729,0.3013962209,18762,18561
47330,0.5557599664,1.4445860386,0.3007042408,18762,18561
47340,0.5555636883,1.4451986551,0.3013426661,18762,18561
47350,0.5543225408,1.4453084469,0.3000687361,18762,18561
47360,0.5523200035,1.4454671144,0.2998593748,18762,18561
47370,0.5511091352,1.4456300735,0.2997782826,18762,18561
47380,0.5483033061,1.4458625317,0.2993868589,18762,18561
47390,0.5453573465,1.4460966587,0.2989438772,18762,18561
47400,0.5445203185,1.4462729692,0.2997832894,18762,18561
47410,0.5436785817,1.4462989569,0.2998017073,18762,18561
47420,0.5436643958,1.4468812943,0.2999572754,18765,18561
47430,0.5419169068,1.4471951723,0.2998037636,18765,18561
47440,0.5364814401,1.4463733435,0.2985425591,18765,18561
47450,0.5347168446,1.4470559359,0.2984032035,18765,18561
47460,0.5321640372,1.4472230673,0.2980673611,18765,18561
47470,0.5322032571,1.4473460913,0.2984293103,18765,18561
47480,0.5316649675,1.4476302862,0.2983444333,18765,18561
47490,0.5279737115,1.4478752613,0.2979333103,18765,18561
47500,0.5242749453,1.4480686188,0.2974314392,18765,18561
47510,0.5214968324,1.4480531216,0.2970704436,18765,18561
47520,0.5204619169,1.4480985403,0.2972139120,18765,18561
47530,0.5193368196,1.4480249882,0.2979265451,18765,18561
47540,0.5174173117,1.4487105608,0.2978127897,18765,18561
47550,0.5152584314,1.4494186640,0.2976764441,18765,18561
47560,0.5124525428,1.4496505260,0.2974036932,18765,18561
47570,0.5110726953,1.4498099089,0.2981175780,18765,18561
47580,0.5096861124,1.4505776167,0.2981954217,18765,18561
47590,0.5090445280,1.4505649805,0.2984405756,18765,18561
47600,0.5043123960,1.4511016607,0.2979995310,18765,18561
47610,0.5026590824,1.4510617256,0.3000587225,18765,18561
47620,0.5008758903,1.4508755207,0.3002195060,18765,18561
47630,0.4999125600,1.4522708654,0.3005590737,18765,18561
47640,0.4993178248,1.4521991014,0.3009362817,18765,18561
47650,0.4963147044,1.4519960880,0.3008506298,18765,18561
47660,0.4933556914,1.4519743919,0.3000040352,18765,18561
47670,0.4904561937,1.4534281492,0.2998235822,18765,18549
47680,0.4890004694,1.4533835649,0.3000020385,18765,18549
47690,0.4860187769,1.4534491301,0.2997921407,18765,18549
47700,0.4864170551,1.4536638260,0.3007589877,18765,18549
47710,0.4833876789,1.4552555084,0.3007149100,18765,18549
47720,0.4820537865,1.4544482231,0.3010184169,18765,18549
47730,0.4781996012,1.4544004202,0.3007432222,18765,18549
47740,0.4785713553,1.4543906450,0.3014675379,18765,18549
47750,0.4769940078,1.4542614222,0.3030898273,18765,18549
47760,0.4747152030,1.4548896551,0.3031600118,18765,18549
47770,0.4722013474,1.4548860788,0.3031601310,18765,18549
47780,0.4705919623,1.4550448656,0.3033169806,18765,18549
47790,0.4689870477,1.4553152323,0.3028945625,18765,18549
47800,0.4664256871,1.4555227757,0.3028398156,18765,18549
47810,0.4659376442,1.4557301998,0.3031656444,18765,18549
47820,0.4634352028,1.4558078051,0.3031319976,18765,18549
47830,0.4619082212,1.4558410645,0.3052390516,18765,18549
47840,0.4596261382,1.4566051960,0.3053395152,18765,18549
47850,0.4555122852,1.4572380781,0.3051050901,18765,18549
47860,0.4549214542,1.4573211670,0.3055961728,18765,18549
47870,0.4543446898,1.4573540688,0.3060692549,18765,18549
47880,0.4511754513,1.4594470263,0.3064143360,18765,18549
47890,0.4506426156,1.4586445093,0.3069138825,18765,18549
47900,0.4474091828,1.4584541321,0.3068753481,18765,18549
47910,0.4459888041,1.4583683014,0.3071566820,18765,18549
47920,0.4437696338,1.4581850767,0.3047325015,18761,18549
47930,0.4432232976,1.4581515789,0.3049550056,18761,18549
47940,0.4397157729,1.4579946995,0.3046835661,18761,18549
47950,0.4402224422,1.4611933231,0.3052082956,18761,18549
47960,0.4358970523,1.4611427784,0.3047498167,18761,18549
47970,0.4344693422,1.4613542557,0.3035622537,18761,18549
47980,0.4320256114,1.4614684582,0.3033266366,18761,18549
47990,0.4312187731,1.4614868164,0.3034164906,18761,18549
48000,0.4288198352,1.4620695114,0.3031482697,18761,18549
48010,0.4281631708,1.4632084370,0.3056320250,18761,18549
48020,0.4238364398,1.4626990557,0.3052889407,18761,18549
48030,0.4251947999,1.4621654749,0.3055864573,18761,18549
48040,0.4230611920,1.4619593620,0.3054859042,18761,18549
48050,0.4199103117,1.4618737698,0.3056861758,18761,18549
48060,0.4196273088,1.4617959261,0.3056437969,18761,18549
48070,0.4190115631,1.4628257751,0.3058403730,18761,18549
48080,0.4137703180,1.4627434015,0.3052742183,18761,18549
48090,0.4123173952,1.4631739855,0.3053292632,18761,18549
48100,0.4111489058,1.4630098343,0.3040285707,18761,18549
48110,0.4117743075,1.4635950327,0.3042843938,18761,18549
48120,0.4086984694,1.4637180567,0.3039746284,18761,18549
48130,0.4037537873,1.4626673460,0.3032804132,18761,18549
48140,0.4025121629,1.4627010822,0.3031932116,18761,18549
48150,0.4011158943,1.4626389742,0.3031094968,18761,18549
48160,0.3997488022,1.4632643461,0.3030539453,18761,18549
48170,0.3985063136,1.4633405209,0.3029948473,18761,18559
48180,0.3956183791,1.4634619951,0.3026466072,18761,18559
48190,0.3926552236,1.4635565281,0.3021216691,18761,18559
48200,0.3905413747,1.4639780521,0.3018800318,18761,18559
48210,0.3893060386,1.4643306732,0.3018244803,18761,18559
48220,0.3881405592,1.4639263153,0.3018059433,18761,18559
48230,0.3840114772,1.4645152092,0.3026933968,18761,18559
48240,0.3835878372,1.4646524191,0.3028705120,18761,18559
48250,0.3806212544,1.4644334316,0.3026023507,18761,18559
48260,0.3792122006,1.4657875299,0.3026407957,18761,18559
48270,0.3770208359,1.4670032263,0.3030486703,18761,18559
48280,0.3755734265,1.4657154083,0.3031922281,18761,18559
48290,0.3719035089,1.4656002522,0.3028227985,18761,18559
48300,0.3713093996,1.4655905962,0.3031129539,18761,18559
48310,0.3700495958,1.4655299187,0.3032221794,18761,18559
48320,0.3686443269,1.4661556482,0.3035842776,18761,18559
48330,0.3656355143,1.4669212103,0.3033637106,18761,18559
48340,0.3643307388,1.4685492516,0.3033526540,18761,18559
48350,0.3632873893,1.4686992168,0.3035059571,18761,18559
48360,0.3600935638,1.4689917564,0.3023152947,18761,18559
48370,0.3588473797,1.4684090614,0.3024038076,18761,18559
48380,0.3571746647,1.4689947367,0.3023233116,18761,18559
48390,0.3553993106,1.4687762260,0.3022771180,18761,18559
48400,0.3516768515,1.4692882299,0.3016702533,18761,18559
48410,0.3508821726,1.4703580141,0.3003252149,18761,18559
48420,0.3485213220,1.4700180292,0.3000873029,18761,18559
48430,0.3472693264,1.4704686403,0.3000843823,18764,18559
48440,0.3446838558,1.4709733725,0.2997117043,18764,18559
48450,0.3433523476,1.4709872007,0.2994318902,18764,18559
48460,0.3407106102,1.4710677862,0.2991152406,18764,18559
48470,0.3386237323,1.4711172581,0.2988976240,18764,18559
48480,0.3373764455,1.4719535112,0.2988697588,18764,18559
48490,0.3360504508,1.4721878767,0.2977401316,18764,18559
48500,0.3338071108,1.4715471268,0.2974860072,18764,18559
48510,0.3307467699,1.4714095592,0.2970460951,18764,18559
48520,0.3283163309,1.4713758230,0.2967118621,18764,18559
48530,0.3275604248,1.4720556736,0.2968763709,18764,18559
48540,0.3259194493,1.4721468687,0.2984831929,18764,18559
48550,0.3259115517,1.4723067284,0.2987260818,18764,18559
48560,0.3221218586,1.4715404510,0.2983998358,18764,18559
48570,0.3190949559,1.4721128941,0.2981063724,18764,18559
48580,0.3182556927,1.4723061323,0.2990199924,18764,18559
48590,0.3159192801,1.4725258350,0.2989661396,18764,18559
48600,0.3144145906,1.4728158712,0.2990655303,18764,18559
48610,0.3129410744,1.4730304480,0.2991793752,18764,18559
48620,0.3114242256,1.4712721109,0.3003667295,18764,18559
48630,0.3076112270,1.4724733829,0.3002659976,18764,18559
48640,0.3060993254,1.4725966454,0.3004937172,18764,18559
48650,0.3038084805,1.4726284742,0.3005498946,18764,18559
48660,0.3029428124,1.4726841450,0.3010034263,18764,18559
48670,0.3013255894,1.4727040529,0.3015509844,18764,18564
48680,0.2991196513,1.4727945328,0.3016918004,18764,18564
48690,0.2961211205,1.4728587866,0.3016591072,18764,18564
48700,0.2953889668,1.4731081724,0.3021690249,18764,18564
48710,0.2931207418,1.4732646942,0.3037172556,18764,18564
48720,0.2916598916,1.4734811783,0.3040536344,18764,18564
48730,0.2907704115,1.4736741781,0.3045044839,18764,18564
48740,0.2884277403,1.4737956524,0.3046473563,18764,18564
48750,0.2847293019,1.4738713503,0.3044159710,18764,18564
48760,0.2835127413,1.4738056660,0.3045628667,18764,18564
48770,0.2810427547,1.4737018347,0.3046533465,18764,18564
48780,0.2792308331,1.4735493660,0.3049090207,18764,18564
48790,0.2787899971,1.4733242989,0.3056102395,18764,18564
48800,0.2766509056,1.4732632637,0.3062452674,18764,18564
48810,0.2758709788,1.4732308388,0.3067106307,18764,18564
48820,0.2718246877,1.4734624624,0.3065790534,18764,18564
48830,0.2703233063,1.4730437994,0.3069438636,18764,18564
48840,0.2685121000,1.4732303619,0.3067598343,18764,18564
48850,0.2679525316,1.4734854698,0.3072672784,18764,18564
48860,0.2656790912,1.4730845690,0.3073500693,18764,18564
48870,0.2639626563,1.4731841087,0.3075352907,18764,18564
48880,0.2596707344,1.4739826918,0.3070060313,18764,18564
48890,0.2579220831,1.4739106894,0.3079466522,18764,18564
48900,0.2562654018,1.4742467403,0.3081832528,18764,18564
48910,0.2554751635,1.4739537239,0.3086366355,18764,18564
48920,0.2524853647,1.4737786055,0.3084198833,18767,18564
48930,0.2504507005,1.4741294384,0.3079303801,18767,18564
48940,0.2473489791,1.4741793871,0.3076568246,18767,18564
48950,0.2464638799,1.4740765095,0.3080107868,18767,18564
48960,0.2444095910,1.4740988016,0.3079580069,18767,18564
48970,0.2429466695,1.4741458893,0.3080888987,18767,18564
48980,0.2392722368,1.4738997221,0.3048040271,18767,18564
48990,0.2370032519,1.4741623402,0.3045484126,18767,18564
49000,0.2360148281,1.4743611813,0.3046576977,18767,18564
49010,0.2352652252,1.4739025831,0.3047336638,18767,18564
49020,0.2325206846,1.4741171598,0.3041800857,18767,18564
49030,0.2297935039,1.4741197824,0.3037712574,18767,18564
49040,0.2282761931,1.4739657640,0.3036478460,18767,18564
49050,0.2267474383,1.4736757278,0.3035066426,18767,18564
49060,0.2256183326,1.4734930992,0.3071555793,18767,18564
49070,0.2227904052,1.4735870361,0.3069831729,18767,18564
49080,0.2211042941,1.4736945629,0.3070122302,18767,18564
49090,0.2175339013,1.4740009308,0.3065994382,18767,18564
49100,0.2156962752,1.4740219116,0.3066512942,18767,18564
49110,0.2139995545,1.4741181135,0.3068599999,18767,18564
49120,0.2128939182,1.4734131098,0.3070785403,18767,18564
49130,0.2100230306,1.4734262228,0.3068653643,18767,18564
49140,0.2072286755,1.4733759165,0.3066128492,18767,18564
49150,0.2056746483,1.4739854336,0.3076835573,18767,18564
49160,0.2039806694,1.4743843079,0.3077894747,18767,18564
49170,0.2021523714,1.4746702909,0.3078347147,18767,18564
49180,0.1997638643,1.4756804705,0.3076789975,18767,18558
49190,0.1983370334,1.4756271839,0.3078300953,18767,18558
49200,0.1969484538,1.4757806063,0.3095379770,18767,18558
49210,0.1933021694,1.4760850668,0.3095169365,18767,18558
49220,0.1929224432,1.4767724276,0.3097011149,18767,18558
49230,0.1904308647,1.4764984846,0.3099038899,18767,18558
49240,0.1892496943,1.4780737162,0.3092278838,18767,18558
49250,0.1862697154,1.4765406847,0.3094578087,18767,18558
49260,0.1841545254,1.4760925770,0.3095197678,18767,18558
49270,0.1822986603,1.4766050577,0.3095847964,18767,18558
49280,0.1806821525,1.4770656824,0.3095027804,18767,18558
49290,0.1793204546,1.4777991772,0.3094689250,18767,18558
49300,0.1773759276,1.4779437780,0.3094676435,18767,18558
49310,0.1748757064,1.4770109653,0.3094857633,18767,18558
49320,0.1732293963,1.4771317244,0.3093960881,18767,18558
49330,0.1734398752,1.4797019958,0.3088288307,18767,18558
49340,0.1720996946,1.4805997610,0.3087551594,18767,18558
49350,0.1694487780,1.4799326658,0.3087265491,18767,18558
49360,0.1679146141,1.4802973270,0.3085668087,18767,18558
49370,0.1648197025,1.4787967205,0.3071727455,18767,18558
49380,0.1639183760,1.4798622131,0.3069144487,18767,18558
49390,0.1604768038,1.4779362679,0.3067100048,18767,18558
49400,0.1632497162,1.4830536842,0.3063181341,18767,18558
49410,0.1604653150,1.4822065830,0.3061828911,18767,18558
49420,0.1609555483,1.4848217964,0.3067712784,18772,18558
49430,0.1573424190,1.4829863310,0.3066420555,18772,18558
49440,0.1615865827,1.4896171093,0.3061093688,18772,18558
49450,0.1575554609,1.4873920679,0.3061170876,18772,18558
49460,0.1554774791,1.4871178865,0.3045164645,18772,18558
49470,0.1512678713,1.4844759703,0.3043893874,18772,18558
49480,0.1527918428,1.4880371094,0.3039668202,18772,18558
49490,0.1496288031,1.4864054918,0.3037857115,18772,18558
49500,0.1504950821,1.4891239405,0.3029385209,18772,18558
49510,0.1498358697,1.4902406931,0.3026149869,18772,18558
49520,0.1486164033,1.4908639193,0.3024297357,18772,18558
49530,0.1526244879,1.4974054098,0.3018465638,18772,18558
49540,0.1489974260,1.4953141212,0.3018163443,18772,18558
49550,0.1461728215,1.4940501451,0.3020732105,18772,18558
49560,0.1437023729,1.4930559397,0.3019446433,18772,18558
49570,0.1475169510,1.4993418455,0.3014492393,18772,18558
49580,0.1439312249,1.4970082045,0.3015100062,18772,18558
49590,0.1466762275,1.5020114183,0.2999607027,18772,18558
49600,0.1456459761,1.5026408434,0.2996701598,18772,18558
49610,0.1447066069,1.5033320189,0.2994005382,18772,18558
49620,0.1427459568,1.5026752949,0.2993188798,18772,18558
49630,0.1454204321,1.5080156326,0.2986471057,18772,18558
49640,0.1467237771,1.5118334293,0.2991285622,18772,18558
49650,0.1471880823,1.5145245790,0.2987125516,18772,18558
49660,0.1437360793,1.5116957426,0.2991286516,18772,18558
49670,0.1448769569,1.5154789686,0.2987501025,18772,18558
49680,0.1464971155,1.5202568769,0.2996076047,18772,18561
49690,0.1463978887,1.5220301151,0.2994365096,18772,18561
49700,0.1443289518,1.5207679272,0.2998198867,18772,18561
49710,0.1443655938,1.5225634575,0.2997163534,18772,18561
49720,0.1453331560,1.5265293121,0.3011110127,18772,18561
49730,0.1461945176,1.5301121473,0.3008506596,18772,18561
49740,0.1453171074,1.5299996138,0.3013023734,18772,18561
49750,0.1449004859,1.5296841860,0.3017063439,18772,18561
49760,0.1446005106,1.5313028097,0.3026239574,18772,18561
49770,0.1444298178,1.5312676430,0.3029239476,18772,18561
49780,0.1444310248,1.5381864309,0.3025009632,18772,18561
49790,0.1444585621,1.5397558212,0.3027416170,18772,18561
49800,0.1439943910,1.5407325029,0.3031926453,18772,18561
49810,0.1451160610,1.5413924456,0.3018500507,18772,18561
49820,0.1436699480,1.5456941128,0.3012865484,18772,18561
49830,0.1447844803,1.5472794771,0.3015548885,18772,18561
49840,0.1447613388,1.5491920710,0.3015732467,18772,18561
49850,0.1470449865,1.5501309633,0.3025389612,18772,18561
49860,0.1456357241,1.5529609919,0.3022722602,18772,18561
49870,0.1448831409,1.5551863909,0.3021097481,18772,18561
49880,0.1449213177,1.5577260256,0.3018683195,18772,18561
49890,0.1453236789,1.5591205359,0.3022517562,18772,18561
49900,0.1468427628,1.5607893467,0.3040018380,18772,18561
49910,0.1465415955,1.5629961491,0.3039359450,18772,18561
49920,0.1426790804,1.5663617849,0.3030865490,18772,18561
49930,0.1444588900,1.5679217577,0.3039865494,18772,18561
49940,0.1464116126,1.5694819689,0.3044030666,18772,18561
49950,0.1478154659,1.5711272955,0.3046199679,18772,18561
49960,0.1459831744,1.5732277632,0.3044152856,18772,18561
49970,0.1448242515,1.5753237009,0.3041964769,18772,18561
49980,0.1454562843,1.5774588585,0.3042494059,18772,18561
49990,0.1441645920,1.5794968605,0.3035362959,18772,18561
50000,0.1456039250,1.5810645819,0.3038738966,18772,18561
50010,0.1496075839,1.5834949017,0.3041560948,18772,18561
50020,0.1491089165,1.5846203566,0.3041907847,18772,18561
50030,0.1437731534,1.5870926380,0.3040054142,18772,18561
50040,0.1435508132,1.5885407925,0.3041818738,18772,18561
50050,0.1415297389,1.5905532837,0.3037718832,18772,18561
50060,0.1452782899,1.5931718349,0.3042712808,18772,18561
50070,0.1477525830,1.5949800014,0.3033064604,18772,18561
50080,0.1454683691,1.5968302488,0.3029400408,18772,18561
50090,0.1434936672,1.5988336802,0.3024660349,18772,18561
50100,0.1423415691,1.6009871960,0.3020133078,18772,18561
50110,0.1447222978,1.6032378674,0.3022978306,18772,18561
50120,0.1463349462,1.6047881842,0.3028123081,18772,18561
50130,0.1485669464,1.6067886353,0.3028303385,18772,18561
50140,0.1510761678,1.6084573269,0.3029206991,18772,18561
50150,0.1435435414,1.6105245352,0.3022967577,18772,18561
50160,0.1430674195,1.6127334833,0.3015890121,18772,18561
50170,0.1440695673,1.6147555113,0.3016057611,18772,18568
50180,0.1458155066,1.6165210009,0.3018208742,18772,18568
50190,0.1466003358,1.6181721687,0.3018694222,18772,18568
50200,0.1471552551,1.6192146540,0.3020886481,18772,18568
50210,0.1425208896,1.6216534376,0.3003081083,18772,18568
50220,0.1415842175,1.6239446402,0.2998593152,18772,18568
50230,0.1426600963,1.6260259151,0.2998577952,18772,18568
50240,0.1454539746,1.6278280020,0.3002562225,18772,18568
50250,0.1447560638,1.6299632788,0.2995260358,18772,18568
50260,0.1381136477,1.6328586340,0.2983029485,18772,18568
50270,0.1409519166,1.6348024607,0.2989110947,18772,18568
50280,0.1408147514,1.6364356279,0.2989365160,18772,18568
50290,0.1432000101,1.6379070282,0.2992525697,18772,18568
50300,0.1390677691,1.6411178112,0.2984591126,18772,18568
50310,0.1388465762,1.6435725689,0.2981239855,18772,18568
50320,0.1393063515,1.6450628042,0.2984080613,18772,18568
50330,0.1409330219,1.6467748880,0.2986554801,18772,18568
50340,0.1405007094,1.6490937471,0.2985895574,18772,18568
50350,0.1394051611,1.6517194510,0.2981602550,18772,18568
50360,0.1384747326,1.6544995308,0.2976410985,18772,18568
50370,0.1404993832,1.6560648680,0.2981390357,18772,18568
50380,0.1411328018,1.6579841375,0.2980824113,18772,18568
50390,0.1386495084,1.6593666077,0.2979264557,18772,18568
50400,0.1357652843,1.6631292105,0.2970440388,18772,18568
50410,0.1384965330,1.6649690866,0.2976745069,18772,18568
50420,0.1388766468,1.6668663025,0.2977558076,18772,18568
50430,0.1391556561,1.6675835848,0.2973753810,18772,18568
50440,0.1407373697,1.6685053110,0.2976000309,18772,18568
50450,0.1371737868,1.6728137732,0.2970983088,18772,18568
50460,0.1400734782,1.6744401455,0.2977118492,18772,18568
50470,0.1381137222,1.6766809225,0.2984246910,18772,18568
50480,0.1387866884,1.6782926321,0.2986010909,18772,18568
50490,0.1398116648,1.6794523001,0.2989039123,18772,18568
50500,0.1401032656,1.6808527708,0.2990497053,18772,18568
50510,0.1371807456,1.6854878664,0.2988744080,18772,18568
50520,0.1374503672,1.6870219707,0.2991720438,18772,18568
50530,0.1369025558,1.6893125772,0.2990898490,18772,18568
50540,0.1375246197,1.6906569004,0.2995335758,18772,18568
50550,0.1380433589,1.6917556524,0.3000036776,18772,18568
50560,0.1352418661,1.6933295727,0.2987155914,18772,18568
50570,0.1342103034,1.6966977119,0.2983115911,18772,18568
50580,0.1351385713,1.6997355223,0.2981209755,18772,18568
50590,0.1355629563,1.7005162239,0.2988237441,18772,18568
50600,0.1355308890,1.7016259432,0.2991156876,18772,18568
50610,0.1323069334,1.7062132359,0.2984111011,18772,18568
50620,0.1334807873,1.7079358101,0.2988353372,18772,18568
50630,0.1338991374,1.7101949453,0.2988834679,18772,18568
50640,0.1338567883,1.7112524509,0.2994071543,18772,18568
50650,0.1337749362,1.7119762897,0.2995542586,18772,18568
50660,0.1320566982,1.7162644863,0.2991041541,18772,18568
50670,0.1333812773,1.7181270123,0.2993810773,18772,18570
50680,0.1332999170,1.7203150988,0.2993637323,18772,18570
50690,0.1338100433,1.7214459181,0.3002693653,18772,18570
50700,0.1326992363,1.7232908010,0.3002921939,18772,18570
50710,0.1327044964,1.7255795002,0.3002695739,18772,18570
50720,0.1327221096,1.7278970480,0.3002435267,18772,18570
50730,0.1324939877,1.7307560444,0.2996230423,18772,18570
50740,0.1326520592,1.7325735092,0.2997218370,18772,18570
50750,0.1331310123,1.7332210541,0.3001472652,18772,18570
50760,0.1311213225,1.7337266207,0.3003627360,18772,18570
50770,0.1315084100,1.7341628075,0.3006971478,18772,18570
50780,0.1311825812,1.7404590845,0.2996265292,18772,18570
50790,0.1313046962,1.7422888279,0.2996733785,18772,18570
50800,0.1304138303,1.7439743280,0.2996602952,18772,18570
50810,0.1310386807,1.7447609901,0.3001070619,18772,18570
50820,0.1316953152,1.7453802824,0.2995216250,18772,18570
50830,0.1306219399,1.7515685558,0.2987138629,18772,18570
50840,0.1305294335,1.7544254065,0.2983405292,18772,18570
50850,0.1289685220,1.7544555664,0.2991162539,18772,18570
50860,0.1299528331,1.7560665607,0.2993301749,18772,18570
50870,0.1292297840,1.7560672760,0.2999617457,18772,18570
50880,0.1284738928,1.7608250380,0.2994674146,18772,18570
50890,0.1286146492,1.7623027563,0.2996386290,18772,18570
50900,0.1286595613,1.7644561529,0.2995843291,18772,18570
50910,0.1290968359,1.7656565905,0.2999241948,18772,18570
50920,0.1277577728,1.7659181356,0.3001765907,18771,18570
50930,0.1270669699,1.7718220949,0.2994968891,18771,18570
50940,0.1271444708,1.7749751806,0.2991026938,18771,18570
50950,0.1278877258,1.7755900621,0.2988034785,18771,18570
50960,0.1272151768,1.7771685123,0.2988251746,18771,18570
50970,0.1268074512,1.7773056030,0.2992411256,18771,18570
50980,0.1269679219,1.7798060179,0.2990866005,18771,18570
50990,0.1265347302,1.7855001688,0.2980434895,18771,18570
51000,0.1268557459,1.7858203650,0.2993694246,18771,18570
51010,0.1261228174,1.7866871357,0.2995961607,18771,18570
51020,0.1262062788,1.7875248194,0.2998273373,18771,18570
51030,0.1259976029,1.7928383350,0.2991496623,18771,18570
51040,0.1259789467,1.7963066101,0.2987548709,18771,18570
51050,0.1258958876,1.7964469194,0.2993223667,18771,18570
51060,0.1259299964,1.7971884012,0.2996111512,18771,18570
51070,0.1250582337,1.7997708321,0.2994292080,18771,18570
51080,0.1250289977,1.7998861074,0.2999430597,18771,18570
51090,0.1253172904,1.8061194420,0.2993782163,18771,18570
51100,0.1253645718,1.8070373535,0.2997398376,18771,18570
51110,0.1253764480,1.8072879314,0.3002355099,18771,18570
51120,0.1242958829,1.8078591824,0.3005282879,18771,18570
51130,0.1233538464,1.8098737001,0.3014802635,18771,18570
51140,0.1235405654,1.8142012358,0.3012028039,18771,18570
51150,0.1236025691,1.8166583776,0.3011563718,18771,18570
51160,0.1236737370,1.8184295893,0.3012957871,18771,18570
51170,0.1236915737,1.8188173771,0.3026817441,18771,18575
51180,0.1237434447,1.8190357685,0.3030714095,18771,18575
51190,0.1243929639,1.8255352974,0.3025884628,18771,18575
51200,0.1231420264,1.8279105425,0.3025524914,18771,18575
51210,0.1240250021,1.8278287649,0.3034771681,18771,18575
51220,0.1240940988,1.8290325403,0.3022467196,18771,18575
51230,0.1246068776,1.8294831514,0.3024300933,18771,18575
51240,0.1236720681,1.8299505711,0.3025937080,18771,18575
51250,0.1258175969,1.8305783272,0.3024114668,18771,18575
51260,0.1274418086,1.8371726274,0.3016954064,18771,18575
51270,0.1258179396,1.8355773687,0.3017691076,18771,18575
51280,0.1264837980,1.8387240171,0.3018557131,18771,18575
51290,0.1253155619,1.8391526937,0.3018485308,18771,18575
51300,0.1259384304,1.8424155712,0.3013019860,18771,18575
51310,0.1267763972,1.8451838493,0.3012064993,18771,18575
51320,0.1246140972,1.8438638449,0.3011466861,18771,18575
51330,0.1216587350,1.8429790735,0.3011210263,18771,18575
51340,0.1171747372,1.8403025866,0.3010508120,18771,18575
51350,0.1251212806,1.8480300903,0.3022724688,18771,18575
51360,0.1274850070,1.8508371115,0.3021606207,18771,18575
51370,0.1343035698,1.8571157455,0.3019267917,18771,18575
51380,0.1294354051,1.8540576696,0.3020291924,18771,18575
51390,0.1243096888,1.8508756161,0.3024142087,18771,18575
51400,0.1189616993,1.8477150202,0.3023870885,18771,18575
51410,0.1254018545,1.8505921364,0.3019958436,18771,18575
51420,0.1186674386,1.8481702805,0.3022680283,18772,18575
51430,0.1340176165,1.8583025932,0.3020324707,18772,18575
51440,0.1306219250,1.8569719791,0.3004146218,18772,18575
51450,0.1310901791,1.8575338125,0.3001611233,18772,18575
51460,0.1423805058,1.8664389849,0.2998430431,18772,18575
51470,0.1454936415,1.8680299520,0.2994685769,18772,18575
51480,0.1411772072,1.8660993576,0.2993792593,18772,18575
51490,0.1389375478,1.8636283875,0.2991550267,18772,18575
51500,0.1499257982,1.8721077442,0.2988539338,18772,18575
51510,0.1521875411,1.8719314337,0.2984969020,18772,18575
51520,0.1424071193,1.8669285774,0.2986523807,18772,18575
51530,0.1452911347,1.8670592308,0.2982967496,18772,18575
51540,0.1478101313,1.8681681156,0.2980434000,18772,18575
51550,0.1447904259,1.8672578335,0.2981540263,18772,18575
51560,0.1534461230,1.8721778393,0.2978126407,18772,18575
51570,0.1523793638,1.8707573414,0.2979686856,18772,18575
51580,0.1526950747,1.8702597618,0.2978014946,18772,18575
51590,0.1534856409,1.8710498810,0.2977598011,18772,18575
51600,0.1518792659,1.8688617945,0.2976424098,18772,18575
51610,0.1483611614,1.8659381866,0.2980074883,18772,18575
51620,0.1528964937,1.8670638800,0.2977423370,18772,18575
51630,0.1561831087,1.8683937788,0.2975785434,18772,18575
51640,0.1619072407,1.8707555532,0.2972483337,18772,18575
51650,0.1596389413,1.8682601452,0.2972967625,18772,18575
51660,0.1621103585,1.8677425385,0.2964650393,18772,18575
51670,0.1605655849,1.8675523996,0.2966842651,18772,18575
51680,0.1639582068,1.8653446436,0.2962021232,18772,18573
51690,0.1668287069,1.8671300411,0.2963259816,18772,18573
51700,0.1681832224,1.8669031858,0.2972846925,18772,18573
51710,0.1696674079,1.8668048382,0.2972757220,18772,18573
51720,0.1728057265,1.8656467199,0.2969951928,18772,18573
51730,0.1750402749,1.8665649891,0.2970501184,18772,18573
51740,0.1765500903,1.8667182922,0.2962751687,18772,18573
51750,0.1807501316,1.8680076599,0.2959759533,18772,18573
51760,0.1834355742,1.8680793047,0.2958074212,18772,18573
51770,0.1843412220,1.8677548170,0.2960629463,18772,18573
51780,0.1867220849,1.8667892218,0.2959715426,18772,18573
51790,0.1881900430,1.8664410114,0.2969622016,18772,18573
51800,0.1908353567,1.8663079739,0.2968149781,18772,18573
51810,0.1925340444,1.8673692942,0.2967781723,18772,18573
51820,0.1939229667,1.8682742119,0.2975464165,18772,18573
51830,0.1974353641,1.8664288521,0.2980266511,18772,18573
51840,0.1992532313,1.8668856621,0.2983587086,18772,18573
51850,0.2007490844,1.8663649559,0.2982411385,18772,18573
51860,0.2031135857,1.8671678305,0.2987974882,18772,18573
51870,0.2067434490,1.8659952879,0.2988739610,18772,18573
51880,0.2092085034,1.8661526442,0.2983708680,18772,18573
51890,0.2129422128,1.8649139404,0.2983352840,18772,18573
51900,0.2122603059,1.8651937246,0.2986347973,18772,18573
51910,0.2156101018,1.8642514944,0.2985911667,18772,18573
51920,0.2173873633,1.8647128344,0.2993760705,18784,18573
51930,0.2172110975,1.8642497063,0.2993775606,18784,18573
51940,0.2218936086,1.8639270067,0.2995508611,18784,18573
51950,0.2221876383,1.8639978170,0.2996976972,18784,18573
51960,0.2272550613,1.8644284010,0.2996804118,18784,18573
51970,0.2279134244,1.8637385368,0.2996561825,18784,18573
51980,0.2269634604,1.8638085127,0.2997139096,18784,18573
51990,0.2277768105,1.8626205921,0.2994556129,18784,18573
52000,0.2291582823,1.8641110659,0.2998537719,18784,18573
52010,0.2290333211,1.8642694950,0.2998261452,18784,18573
52020,0.2309037745,1.8645063639,0.2998106480,18784,18573
52030,0.2361838073,1.8638354540,0.2998447120,18784,18573
52040,0.2419388294,1.8653804064,0.3002807498,18784,18573
52050,0.2408647239,1.8654558659,0.2990387380,18784,18573
52060,0.2440247387,1.8655645847,0.2989794910,18784,18573
52070,0.2477200627,1.8662602901,0.2990254760,18784,18573
52080,0.2480653971,1.8649102449,0.2986215353,18784,18573
52090,0.2558200657,1.8653815985,0.2987936139,18784,18573
52100,0.2545533478,1.8652476072,0.2987742722,18784,18573
52110,0.2544853687,1.8663914204,0.2989638448,18784,18573
52120,0.2604184449,1.8654391766,0.2987450659,18784,18573
52130,0.2629595697,1.8662258387,0.2989526093,18784,18573
52140,0.2634264827,1.8653255701,0.2987388372,18784,18573
52150,0.2656123638,1.8656154871,0.2987291813,18784,18573
52160,0.2666492462,1.8659628630,0.2987269759,18784,18573
52170,0.2664889395,1.8664944172,0.2987093329,18784,18573
52180,0.2676518559,1.8654444218,0.2992514968,18784,18574
52190,0.2715385854,1.8664795160,0.2994808555,18784,18574
52200,0.2686543465,1.8664525747,0.2991704941,18784,18574
52210,0.2737622857,1.8669362068,0.2994268835,18784,18574
52220,0.2750779986,1.8667123318,0.2992082834,18784,18574
52230,0.2782271504,1.8679003716,0.2986038625,18784,18574
52240,0.2805747390,1.8670141697,0.2982907295,18784,18574
52250,0.2782642543,1.8684860468,0.2983800769,18784,18574
52260,0.2837752998,1.8682670593,0.2985117733,18784,18574
52270,0.2845781147,1.8691329956,0.2991326451,18784,18574
52280,0.2875932753,1.8695360422,0.2992101610,18784,18574
52290,0.2898721993,1.8691743612,0.2990104854,18784,18574
52300,0.2927604616,1.8694342375,0.2990821004,18784,18574
52310,0.2910199463,1.8702983856,0.3008713424,18784,18574
52320,0.2948143184,1.8707439899,0.3012382686,18784,18574
52330,0.2962956727,1.8707737923,0.3011757731,18784,18574
52340,0.2989921570,1.8713136911,0.3016248643,18784,18574
52350,0.3017964363,1.8710306883,0.3015567660,18784,18574
52360,0.3040888608,1.8714017868,0.3016105592,18784,18574
52370,0.3067053258,1.8711335659,0.3015396595,18784,18574
52380,0.3082422316,1.8716113567,0.3020877540,18784,18574
52390,0.3098310232,1.8717302084,0.3020305037,18784,18574
52400,0.3088848889,1.8729361296,0.3014126122,18784,18574
52410,0.3113234937,1.8730856180,0.3013946712,18784,18574
52420,0.3155449927,1.8725060225,0.3014261425,18784,18574
52430,0.3150962293,1.8736989498,0.3013862669,18774,18574
52440,0.3179262578,1.8736163378,0.3015730083,18774,18574
52450,0.3197404742,1.8740055561,0.3024711907,18774,18574
52460,0.3204205334,1.8745597601,0.3029645085,18774,18574
52470,0.3238233030,1.8744033575,0.3027896881,18774,18574
52480,0.3254344761,1.8744620085,0.3032031953,18774,18574
52490,0.3255293071,1.8760383129,0.3019014299,18774,18574
52500,0.3278684616,1.8757728338,0.3022210896,18774,18574
52510,0.3288534582,1.8762383461,0.3024147451,18774,18574
52520,0.3317184448,1.8760992289,0.3023687005,18774,18574
52530,0.3336601257,1.8769023418,0.3009332120,18774,18574
52540,0.3351187706,1.8770819902,0.3010332584,18774,18574
52550,0.3375818431,1.8768178225,0.3010106385,18774,18574
52560,0.3400546610,1.8769549131,0.3008037806,18774,18574
52570,0.3408591449,1.8773545027,0.3009697795,18774,18574
52580,0.3418115377,1.8788126707,0.3004641533,18774,18574
52590,0.3443711698,1.8789108992,0.3003086746,18774,18574
52600,0.3460028172,1.8790194988,0.3003276289,18774,18574
52610,0.3475924730,1.8791269064,0.3003403246,18774,18574
52620,0.3505809307,1.8792134523,0.2996163070,18774,18574
52630,0.3499115705,1.8813427687,0.2997490764,18774,18574
52640,0.3523454964,1.8813668489,0.2996588349,18774,18574
52650,0.3555443287,1.8812842369,0.2993786335,18774,18574
52660,0.3575170934,1.8834373951,0.2988929749,18774,18574
52670,0.3598158062,1.8809412718,0.2989945114,18774,18573
52680,0.3611730635,1.8830765486,0.2988798320,18774,18573
52690,0.3628110290,1.8829466105,0.2988988459,18774,18573
52700,0.3651092649,1.8829301596,0.2987423837,18774,18573
52710,0.3684344590,1.8823453188,0.3012890518,18774,18573
52720,0.3713557720,1.8824697733,0.3011670709,18774,18573
52730,0.3708608449,1.8823318481,0.3017617762,18774,18573
52740,0.3719640374,1.8824554682,0.3019764721,18774,18573
52750,0.3749040961,1.8827623129,0.3011690676,18774,18573
52760,0.3768740296,1.8805381060,0.3012520373,18774,18573
52770,0.3810745776,1.8811205626,0.3010140359,18774,18573
52780,0.3813427091,1.8813885450,0.3014054596,18774,18573
52790,0.3826199174,1.8818491697,0.3015856743,18774,18573
52800,0.3845992386,1.8798960447,0.3014341891,18774,18573
52810,0.3868070841,1.8803429604,0.3014448583,18774,18573
52820,0.3880985677,1.8806666136,0.3015716374,18774,18573
52830,0.3905071020,1.8804558516,0.3015273511,18774,18573
52840,0.3917869031,1.8807492256,0.3014173210,18774,18573
52850,0.3946679831,1.8785915375,0.3013956845,18774,18573
52860,0.3959748149,1.8786915541,0.3015237451,18774,18573
52870,0.3984340429,1.8807281256,0.3014175892,18774,18573
52880,0.4000570774,1.8803013563,0.3015677929,18774,18573
52890,0.4016775489,1.8823864460,0.3000567257,18774,18573
52900,0.4036577642,1.8807575703,0.3002375066,18774,18573
52910,0.4058077633,1.8807636499,0.3000977933,18774,18573
52920,0.4075396061,1.8800626993,0.3001947403,18774,18573
52930,0.4095844924,1.8799109459,0.3000574410,18775,18573
52940,0.4112102687,1.8798080683,0.3000768721,18775,18573
52950,0.4135569930,1.8802685738,0.2998270988,18775,18573
52960,0.4150840044,1.8804423809,0.3000475764,18775,18573
52970,0.4171086252,1.8805329800,0.2995714843,18775,18573
52980,0.4195239842,1.8805994987,0.2993069291,18775,18573
52990,0.4211349785,1.8802696466,0.2994851172,18775,18573
53000,0.4235165715,1.8802096844,0.2991650999,18775,18573
53010,0.4250737131,1.8804757595,0.2994321585,18775,18573
53020,0.4274573922,1.8802753687,0.2998486161,18775,18573
53030,0.4293844700,1.8796381950,0.2999358773,18775,18573
53040,0.4316741526,1.8794434071,0.2997209728,18775,18573
53050,0.4335111082,1.8794379234,0.2999016345,18775,18573
53060,0.4355294406,1.8793141842,0.2995259464,18775,18573
53070,0.4372581244,1.8792644739,0.2996507883,18775,18573
53080,0.4394860268,1.8790519238,0.2994726300,18775,18573
53090,0.4414824247,1.8797866106,0.2994506657,18775,18573
53100,0.4440562725,1.8803602457,0.2989661396,18775,18573
53110,0.4457111061,1.8812370300,0.2992225587,18775,18573
53120,0.4478439987,1.8811663389,0.2991450727,18775,18573
53130,0.4497523010,1.8804770708,0.2993309200,18775,18573
53140,0.4520693421,1.8800083399,0.2990811467,18775,18573
53150,0.4539496303,1.8803952932,0.3004140258,18775,18573
53160,0.4556773603,1.8812583685,0.3005736768,18775,18573
53170,0.4576770663,1.8814997673,0.3005879521,18775,18573
53180,0.4601000547,1.8810845613,0.3004058897,18775,18573
53190,0.4618522227,1.8815488815,0.2999625802,18775,18573
53200,0.4633224308,1.8816051483,0.3002152145,18775,18573
53210,0.4654128551,1.8816130161,0.3001858592,18775,18573
53220,0.4668663740,1.8829466105,0.3003156483,18775,18573
53230,0.4690083265,1.8830257654,0.3002549410,18775,18573
53240,0.4705310166,1.8825027943,0.3016503751,18775,18573
53250,0.4732910693,1.8835337162,0.3014073968,18775,18573
53260,0.4751960635,1.8834768534,0.3016082048,18775,18573
53270,0.4771476388,1.8845107555,0.3016011417,18775,18573
53280,0.4785078168,1.8843882084,0.3025025427,18775,18573
53290,0.4803710878,1.8852630854,0.3025930822,18775,18573
53300,0.4825841784,1.8848012686,0.3027173579,18775,18573
53310,0.4848287702,1.8843786716,0.3027835190,18775,18573
53320,0.4860832393,1.8840606213,0.3031031191,18775,18573
53330,0.4889925122,1.8838037252,0.3030013740,18775,18573
53340,0.4892345965,1.8850010633,0.3035300970,18775,18573
53350,0.4930128157,1.8851734400,0.3032388389,18775,18573
53360,0.4941251576,1.8846609592,0.3036400974,18775,18573
53370,0.4980267286,1.8848921061,0.3026562631,18775,18573
53380,0.4988373220,1.8851560354,0.3029478788,18775,18573
53390,0.5001900196,1.8853300810,0.3030984700,18775,18573
53400,0.5022568703,1.8847754002,0.3030971587,18775,18573
53410,0.5058733821,1.8848587275,0.3052017987,18775,18573
53420,0.5070134401,1.8847819567,0.3054971695,18774,18573
53430,0.5081224442,1.8847084045,0.3057848811,18774,18573
53440,0.5109490752,1.8852908611,0.3057390451,18774,18573
53450,0.5121899247,1.8852716684,0.3060064912,18774,18573
53460,0.5162107944,1.8853633404,0.3086813688,18774,18573
53470,0.5177066326,1.8847982883,0.3090432286,18774,18573
53480,0.5192890167,1.8848751783,0.3093740046,18774,18573
53490,0.5208120346,1.8843967915,0.3097039163,18774,18573
53500,0.5238856673,1.8846166134,0.3073438704,18774,18573
53510,0.5244941711,1.8840763569,0.3076627254,18774,18573
53520,0.5284065604,1.8841789961,0.3073556125,18774,18573
53530,0.5298423171,1.8842443228,0.3075124323,18774,18573
53540,0.5329065323,1.8842010498,0.3079380691,18774,18573
53550,0.5326484442,1.8841315508,0.3084426522,18774,18573
53560,0.5363087654,1.8841596842,0.3082103431,18774,18573
53570,0.5376399755,1.8841880560,0.3083826900,18774,18573
53580,0.5405737162,1.8835159540,0.3081558049,18774,18573
53590,0.5420478582,1.8821462393,0.3090097308,18774,18573
53600,0.5442272425,1.8808331490,0.3089432120,18774,18573
53610,0.5462673903,1.8822288513,0.3090699911,18774,18573
53620,0.5492635369,1.8810830116,0.3088331819,18774,18573
53630,0.5506901741,1.8813002110,0.3097949624,18774,18573
53640,0.5536423326,1.8808737993,0.3096271455,18774,18573
53650,0.5550427437,1.8811554909,0.3097775578,18774,18573
53660,0.5580308437,1.8793358803,0.3096070886,18774,18573
53670,0.5588120222,1.8788762093,0.3099733889,18774,18573
53680,0.5606840849,1.8790315390,0.3074876070,18774,18573
53690,0.5633729100,1.8790570498,0.3071325719,18774,18573
53700,0.5647211075,1.8797787428,0.3071002364,18774,18573
53710,0.5657024980,1.8798410892,0.3072172701,18774,18573
53720,0.5685456991,1.8791062832,0.3080950975,18774,18573
53730,0.5715616345,1.8789142370,0.3076291084,18774,18573
53740,0.5729515553,1.8789436817,0.3077351451,18774,18573
53750,0.5755782127,1.8786945343,0.3072915971,18774,18573
53760,0.5768917799,1.8787019253,0.3049443662,18774,18573
53770,0.5790271163,1.8784880638,0.3045649230,18774,18573
53780,0.5807703137,1.8783993721,0.3043528795,18774,18573
53790,0.5834648013,1.8778834343,0.3036893308,18774,18573
53800,0.5853232145,1.8776953220,0.3035295606,18774,18573
53810,0.5877944827,1.8772578239,0.3036187589,18774,18573
53820,0.5893064141,1.8772134781,0.3036687374,18774,18573
53830,0.5919693112,1.8768130541,0.3031015694,18774,18573
53840,0.5944815278,1.8764874935,0.3025874496,18774,18573
53850,0.5963119268,1.8764988184,0.3019379079,18774,18573
53860,0.5980750918,1.8764858246,0.3018563390,18774,18573
53870,0.6004409194,1.8763769865,0.3014904857,18774,18573
53880,0.6021988988,1.8763567209,0.3014942110,18774,18573
53890,0.6046219468,1.8761373758,0.3018484414,18774,18573
53900,0.6068040729,1.8747819662,0.3018219173,18774,18573
53910,0.6084961295,1.8746116161,0.3017760217,18774,18573
53920,0.6102779508,1.8750758171,0.3016351163,18784,18573
53930,0.6123975515,1.8749542236,0.3014442921,18784,18573
53940,0.6149471402,1.8748276234,0.3005979955,18784,18573
53950,0.6163955927,1.8748685122,0.3006982207,18784,18573
53960,0.6181893349,1.8748552799,0.3006341457,18784,18573
53970,0.6199260950,1.8748036623,0.3005987704,18784,18573
53980,0.6225044727,1.8745889664,0.3016988933,18784,18573
53990,0.6246306896,1.8744550943,0.3016307354,18784,18573
54000,0.6272007823,1.8741856813,0.3013924658,18784,18573
54010,0.6289685965,1.8740441799,0.3015560806,18784,18573
54020,0.6311005950,1.8738044500,0.3015247285,18784,18573
54030,0.6328529119,1.8736053705,0.3026520908,18784,18573
54040,0.6355394721,1.8727214336,0.3025403023,18784,18573
54050,0.6374647021,1.8731971979,0.3026170135,18784,18573
54060,0.6394031644,1.8737533092,0.3026761115,18784,18573
54070,0.6406177878,1.8738170862,0.3030883670,18784,18573
54080,0.6430557966,1.8726036549,0.3031284511,18784,18573
54090,0.6451516151,1.8725240231,0.3031562269,18784,18573
54100,0.6478329301,1.8724238873,0.3029736876,18784,18573
54110,0.6491643786,1.8724415302,0.3051758409,18784,18573
54120,0.6515398622,1.8717701435,0.3052771688,18784,18573
54130,0.6532369852,1.8717490435,0.3055191338,18784,18573
54140,0.6544120312,1.8718147278,0.3059124053,18784,18573
54150,0.6571404338,1.8717274666,0.3058209121,18784,18573
54160,0.6589840055,1.8710794449,0.3068774343,18784,18573
54170,0.6619517207,1.8697873354,0.3068562448,18784,18569
54180,0.6630918980,1.8696155548,0.3073057234,18784,18569
54190,0.6650948524,1.8701816797,0.3074440956,18784,18569
54200,0.6672379375,1.8697674274,0.3077148795,18784,18569
54210,0.6699091196,1.8700094223,0.3076771200,18784,18569
54220,0.6715478897,1.8701175451,0.3079165220,18784,18569
54230,0.6742522717,1.8696186543,0.3078052700,18784,18569
54240,0.6759328842,1.8695026636,0.3080604374,18784,18569
54250,0.6791259646,1.8694159985,0.3082031608,18784,18569
54260,0.6798437238,1.8693180084,0.3088666499,18784,18569
54270,0.6828600168,1.8690406084,0.3086387515,18784,18569
54280,0.6844844222,1.8695387840,0.3089494407,18784,18569
54290,0.6865348816,1.8693245649,0.3090153933,18784,18569
54300,0.6881642342,1.8692141771,0.3092067242,18784,18569
54310,0.6911508441,1.8691153526,0.3089557290,18784,18569
54320,0.6920793653,1.8684854507,0.3095118105,18784,18569
54330,0.6946847439,1.8684071302,0.3079975545,18784,18569
54340,0.6965461969,1.8677153587,0.3079674244,18784,18569
54350,0.6974183917,1.8676671982,0.3082255721,18784,18569
54360,0.7001480460,1.8675283194,0.3078918755,18784,18569
54370,0.7019093633,1.8675434589,0.3078510761,18784,18569
54380,0.7052244544,1.8669461012,0.3066936135,18784,18569
54390,0.7065597177,1.8670544624,0.3067963719,18784,18569
54400,0.7087337971,1.8671395779,0.3065643311,18784,18569
54410,0.7103927732,1.8672970533,0.3065018952,18784,18569
54420,0.7129526734,1.8659774065,0.3056436181,18778,18569
54430,0.7150893211,1.8659002781,0.3053981066,18778,18569
54440,0.7182608843,1.8671449423,0.3048587739,18778,18569
54450,0.7189190984,1.8663657904,0.3053436279,18778,18569
54460,0.7219009995,1.8662755489,0.3047613204,18778,18569
54470,0.7233760953,1.8662143946,0.3023837805,18778,18569
54480,0.7253874540,1.8661924601,0.3020414710,18778,18569
54490,0.7274557352,1.8662555218,0.3016739488,18778,18569
54500,0.7304056883,1.8662244081,0.3009488881,18778,18569
54510,0.7316848040,1.8662195206,0.3018572628,18778,18569
54520,0.7346697450,1.8663638830,0.3012825847,18778,18569
54530,0.7364334464,1.8656886816,0.3011213541,18778,18569
54540,0.7385919690,1.8656836748,0.3007770181,18778,18569
54550,0.7402572632,1.8649619818,0.3007951677,18778,18569
54560,0.7418817282,1.8649249077,0.3006300032,18778,18569
54570,0.7443811297,1.8649426699,0.3002108932,18778,18569
54580,0.7460263968,1.8649969101,0.3000976145,18778,18569
54590,0.7485922575,1.8651330471,0.2996307015,18778,18569
54600,0.7503916621,1.8653033972,0.3005328476,18778,18569
54610,0.7531932592,1.8641798496,0.3001863658,18778,18569
54620,0.7544673681,1.8648333549,0.3003581762,18778,18569
54630,0.7575763464,1.8642941713,0.2998388708,18778,18569
54640,0.7592707276,1.8643401861,0.2991728783,18778,18569
54650,0.7614290714,1.8643587828,0.2989838719,18778,18569
54660,0.7623856068,1.8629621267,0.2993126512,18778,18569
54670,0.7657043338,1.8635542393,0.2987672687,18778,18576
54680,0.7673953772,1.8634948730,0.2985151708,18778,18576
54690,0.7700387836,1.8635072708,0.2982020974,18778,18576
54700,0.7717785239,1.8634858131,0.2982367873,18778,18576
54710,0.7739298344,1.8635942936,0.2980991602,18778,18576
54720,0.7751610279,1.8643392324,0.2983683348,18778,18576
54730,0.7776481509,1.8643778563,0.2976315320,18778,18576
54740,0.7793365717,1.8644446135,0.2976516783,18778,18576
54750,0.7815862894,1.8631694317,0.2975498140,18778,18576
54760,0.7834243178,1.8617581129,0.2975464463,18778,18576
54770,0.7857608795,1.8636257648,0.2968623042,18778,18576
54780,0.7875041962,1.8616676331,0.2969303131,18778,18576
54790,0.7890449762,1.8629944324,0.2969999909,18778,18576
54800,0.7917224169,1.8631509542,0.2966550589,18778,18576
54810,0.7930415273,1.8635047674,0.2957096100,18778,18576
54820,0.7954849005,1.8637396097,0.2953983247,18778,18576
54830,0.7967528701,1.8638428450,0.2954756021,18778,18576
54840,0.7990376949,1.8639070988,0.2952082753,18778,18576
54850,0.8009752035,1.8638484478,0.2950884104,18778,18576
54860,0.8031023145,1.8629472256,0.2937938273,18778,18576
54870,0.8046593070,1.8627803326,0.2937437892,18778,18576
54880,0.8059594035,1.8644566536,0.2936115563,18778,18576
54890,0.8078454137,1.8643691540,0.2934680283,18778,18576
54900,0.8104472756,1.8643722534,0.2929941714,18778,18576
54910,0.8121243715,1.8650857210,0.2928905785,18778,18576
54920,0.8139718175,1.8651702404,0.2928041816,18778,18576
54930,0.8157111406,1.8649517298,0.2928148806,18775,18576
54940,0.8173969388,1.8648631573,0.2936730683,18775,18576
54950,0.8193654418,1.8646379709,0.2936336696,18775,18576
54960,0.8223055601,1.8645893335,0.2932736576,18775,18576
54970,0.8235007524,1.8644591570,0.2936305404,18775,18576
54980,0.8260548115,1.8644905090,0.2934139371,18775,18576
54990,0.8271679282,1.8646163940,0.2951546609,18775,18576
55000,0.8298615813,1.8647465706,0.2951171100,18775,18576
55010,0.8313894868,1.8647404909,0.2954098582,18775,18576
55020,0.8335365653,1.8648810387,0.2955228984,18775,18576
55030,0.8357622027,1.8651452065,0.2965473235,18775,18576
55040,0.8368806839,1.8653811216,0.2969813049,18775,18576
55050,0.8392189145,1.8655279875,0.2971210182,18775,18576
55060,0.8414669633,1.8655875921,0.2972624600,18775,18576
55070,0.8430315256,1.8655071259,0.2976163328,18775,18576
55080,0.8453262448,1.8659884930,0.2982689440,18775,18576
55090,0.8481385112,1.8664392233,0.2983375192,18775,18576
55100,0.8489168286,1.8662635088,0.2989384830,18775,18576
55110,0.8514962196,1.8661211729,0.2989975512,18775,18576
55120,0.8524112701,1.8665844202,0.2994006872,18775,18576
55130,0.8557447195,1.8666001558,0.2993828356,18775,18576
55140,0.8571682572,1.8667325974,0.2997466028,18775,18576
55150,0.8592149615,1.8667812347,0.2999307513,18775,18576
55160,0.8606489897,1.8670104742,0.3009499311,18775,18576
55170,0.8624551296,1.8659684658,0.3011605144,18775,18573
55180,0.8636437654,1.8649408817,0.3014372289,18775,18573
55190,0.8679662347,1.8663347960,0.3013762236,18775,18573
55200,0.8687877655,1.8665963411,0.3019292951,18775,18573
55210,0.8708553910,1.8661612272,0.3016287684,18775,18573
55220,0.8724536896,1.8668506145,0.3018940091,18775,18573
55230,0.8759275079,1.8663291931,0.3017207682,18775,18573
55240,0.8780730367,1.8664237261,0.3018191755,18775,18573
55250,0.8786249757,1.8658781052,0.3025952578,18775,18573
55260,0.8815189004,1.8659789562,0.3025582433,18775,18573
55270,0.8820011616,1.8659971952,0.3029859662,18775,18573
55280,0.8841667175,1.8660840988,0.3030415773,18775,18573
55290,0.8860784173,1.8643814325,0.3030411899,18775,18573
55300,0.8895685077,1.8664171696,0.3030178249,18775,18573
55310,0.8911083937,1.8665931225,0.3031604886,18775,18573
55320,0.8934433460,1.8668328524,0.3031089604,18775,18573
55330,0.8951765895,1.8676564693,0.3031923771,18775,18573
55340,0.8979323506,1.8671246767,0.3025981486,18775,18573
55350,0.8994842172,1.8670587540,0.3026702404,18775,18573
55360,0.9021916389,1.8668841124,0.3024382293,18775,18573
55370,0.9030147791,1.8666836023,0.3027677238,18775,18573
55380,0.9056237936,1.8663944006,0.3030889928,18775,18573
55390,0.9067549109,1.8682390451,0.3033514619,18775,18573
55400,0.9099754095,1.8674628735,0.3030867279,18775,18573
55410,0.9114708304,1.8674174547,0.3032010198,18775,18573
55420,0.9137397408,1.8680084944,0.3030779660,18775,18573
55430,0.9146721959,1.8680166006,0.3032221496,18788,18573
55440,0.9169066548,1.8679794073,0.3030958176,18788,18573
55450,0.9178735018,1.8680375814,0.3032601178,18788,18573
55460,0.9220227003,1.8680386543,0.3027195632,18788,18573
55470,0.9230893254,1.8672946692,0.3045831025,18788,18573
55480,0.9253377318,1.8672996759,0.3045471311,18788,18573
55490,0.9276117086,1.8679109812,0.3045012057,18788,18573
55500,0.9284491539,1.8680292368,0.3048096299,18788,18573
55510,0.9305971861,1.8680970669,0.3047557175,18788,18573
55520,0.9327129722,1.8680819273,0.3039841652,18788,18573
55530,0.9356017709,1.8679912090,0.3037069142,18788,18573
55540,0.9370707273,1.8692640066,0.3037220240,18788,18573
55550,0.9385830760,1.8704615831,0.3036808372,18788,18573
55560,0.9400468469,1.8689432144,0.3023492694,18788,18573
55570,0.9443323016,1.8693127632,0.3017416894,18788,18573
55580,0.9458368421,1.8696881533,0.3016896248,18788,18573
55590,0.9473347068,1.8700513840,0.3016619384,18788,18573
55600,0.9494915605,1.8717261553,0.3020393550,18788,18573
55610,0.9523115158,1.8701903820,0.3018788993,18788,18573
55620,0.9536390901,1.8700650930,0.3019315302,18788,18573
55630,0.9557238817,1.8699394464,0.3017916381,18788,18573
55640,0.9570466280,1.8711783886,0.3018662930,18788,18573
55650,0.9599779844,1.8710463047,0.3017266691,18788,18573
55660,0.9604510069,1.8711069822,0.3019052744,18788,18573
55670,0.9643827081,1.8723024130,0.3014881909,18788,18568
55680,0.9658458829,1.8722430468,0.3015341759,18788,18568
55690,0.9681262970,1.8727697134,0.3012189567,18788,18568
55700,0.9703536034,1.8731899261,0.3010859489,18788,18568
55710,0.9717856646,1.8729264736,0.3011442721,18788,18568
55720,0.9747601151,1.8737403154,0.3008605540,18788,18568
55730,0.9750934243,1.8734194040,0.3012422323,18788,18568
55740,0.9790586233,1.8735117912,0.3012846708,18788,18568
55750,0.9802097082,1.8731527328,0.3013897240,18788,18568
55760,0.9831582308,1.8746362925,0.3012478352,18788,18568
55770,0.9832909703,1.8746252060,0.3016141057,18788,18568
55780,0.9852027893,1.8772648573,0.3013401628,18788,18568
55790,0.9880750179,1.8745343685,0.3015207052,18788,18568
55800,0.9894334078,1.8752492666,0.3016185462,18788,18568
55810,0.9917557836,1.8771725893,0.3015614152,18788,18568
55820,0.9958928227,1.8770029545,0.3053952157,18788,18568
55830,0.9963861704,1.8771897554,0.3058955073,18788,18568
55840,0.9988016486,1.8783586025,0.3060717881,18788,18568
55850,0.9992186427,1.8783125877,0.3067387640,18788,18568
55860,1.0047502518,1.8787710667,0.3064824045,18788,18568
55870,1.0056695938,1.8791049719,0.3053567410,18788,18568
55880,1.0077368021,1.8793345690,0.3055027127,18788,18568
55890,1.0087510347,1.8791395426,0.3058010042,18788,18568
55900,1.0109035969,1.8795920610,0.3059219122,18788,18568
55910,1.0105738640,1.8797259331,0.3066450357,18788,18568
55920,1.0193158388,1.8780609369,0.3062761128,18781,18568
55930,1.0202337503,1.8782584667,0.3066091239,18781,18568
55940,1.0228949785,1.8783653975,0.3066790998,18781,18568
55950,1.0250927210,1.8784854412,0.3067365289,18781,18568
55960,1.0241419077,1.8791511059,0.3055938184,18781,18568
55970,1.0288287401,1.8782905340,0.3052985072,18781,18568
55980,1.0305541754,1.8784967661,0.3052704036,18781,18568
55990,1.0323098898,1.8773930073,0.3051838577,18781,18568
56000,1.0339802504,1.8777436018,0.3042583168,18781,18568
56010,1.0372321606,1.8778326511,0.3039890230,18781,18568
56020,1.0378129482,1.8784132004,0.3039877713,18781,18568
56030,1.0414898396,1.8776488304,0.3036234677,18781,18568
56040,1.0411788225,1.8782210350,0.3034633100,18781,18568
56050,1.0467196703,1.8763344288,0.3029770255,18781,18568
56060,1.0479834080,1.8759337664,0.3028659523,18781,18568
56070,1.0518711805,1.8750547171,0.3023854494,18781,18568
56080,1.0515151024,1.8756279945,0.3026599586,18781,18568
56090,1.0538927317,1.8737194538,0.3021556735,18781,18568
56100,1.0546621084,1.8735501766,0.3021179140,18781,18568
56110,1.0578196049,1.8739064932,0.3018551767,18781,18568
56120,1.0573333502,1.8748229742,0.3020746410,18781,18568
56130,1.0609579086,1.8744345903,0.3022063375,18781,18568
56140,1.0625052452,1.8728411198,0.3021715283,18781,18568
56150,1.0671250820,1.8729101419,0.3016948700,18781,18568
56160,1.0675560236,1.8733292818,0.3019083440,18781,18568
56170,1.0709296465,1.8733823299,0.3014787138,18781,18568
56180,1.0725499392,1.8727762699,0.3020584583,18781,18568
56190,1.0725356340,1.8728431463,0.3024401069,18781,18568
56200,1.0754337311,1.8726110458,0.3021911085,18781,18568
56210,1.0770175457,1.8724552393,0.3022018373,18781,18568
56220,1.0803582668,1.8722654581,0.3006071746,18781,18568
56230,1.0820313692,1.8721394539,0.3005375862,18781,18568
56240,1.0838770866,1.8712338209,0.3004716635,18781,18568
56250,1.0855721235,1.8711899519,0.3004148304,18781,18568
56260,1.0881826878,1.8714109659,0.3003440797,18781,18568
56270,1.0901870728,1.8693196774,0.3003059924,18781,18568
56280,1.0925087929,1.8716466427,0.3001338840,18781,18568
56290,1.0947959423,1.8710455894,0.2999917865,18781,18568
56300,1.0969232321,1.8711392879,0.2998808026,18781,18568
56310,1.0989176035,1.8709912300,0.3035331964,18781,18568
56320,1.1015795469,1.8710149527,0.3033629954,18781,18568
56330,1.1036489010,1.8707267046,0.3035332859,18781,18568
56340,1.1056836843,1.8702083826,0.3037239909,18781,18568
56350,1.1074776649,1.8696889877,0.3040539920,18781,18568
56360,1.1099805832,1.8696385622,0.3039440811,18781,18568
56370,1.1116013527,1.8691222668,0.3044028878,18781,18568
56380,1.1141865253,1.8693865538,0.3042155504,18781,18568
56390,1.1158328056,1.8691529036,0.3046842813,18781,18568
56400,1.1179170609,1.8686566353,0.3036502600,18781,18568
56410,1.1200767756,1.8688936234,0.3036237359,18781,18568
56420,1.1220064163,1.8682653904,0.3037128150,18781,18568
56430,1.1245388985,1.8678290844,0.3034391403,18781,18568
56440,1.1265156269,1.8677694798,0.3045323193,18781,18568
56450,1.1289765835,1.8678191900,0.3044002056,18781,18568
56460,1.1308968067,1.8668571711,0.3045711219,18781,18568
56470,1.1331008673,1.8652588129,0.3045301139,18781,18568
56480,1.1352447271,1.8651206493,0.3058667183,18781,18568
56490,1.1373760700,1.8651813269,0.3059240878,18781,18568
56500,1.1395021677,1.8652254343,0.3059611022,18781,18568
56510,1.1424626112,1.8657008410,0.3056477010,18781,18568
56520,1.1442883015,1.8657793999,0.3059300482,18781,18568
56530,1.1460429430,1.8658872843,0.3049515784,18781,18568
56540,1.1478035450,1.8659082651,0.3050457835,18781,18568
56550,1.1505655050,1.8647804260,0.3046794534,18781,18568
56560,1.1530939341,1.8647565842,0.3044162691,18781,18568
56570,1.1556445360,1.8646000624,0.3040476441,18781,18568
56580,1.1572659016,1.8639453650,0.3042744100,18781,18568
56590,1.1594665051,1.8637312651,0.3041334450,18781,18568
56600,1.1619064808,1.8621388674,0.3038269877,18781,18568
56610,1.1648046970,1.8637446165,0.3034511209,18781,18568
56620,1.1661694050,1.8633925915,0.3030951619,18781,18568
56630,1.1686422825,1.8635506630,0.3027875125,18781,18568
56640,1.1703069210,1.8629138470,0.3028207421,18781,18568
56650,1.1719921827,1.8609163761,0.3028071225,18781,18568
56660,1.1753749847,1.8621206284,0.3036870956,18781,18568
56670,1.1767796278,1.8627142906,0.3038490713,18781,18571
56680,1.1790196896,1.8627277613,0.3036888540,18781,18571
56690,1.1812882423,1.8626295328,0.3035111129,18781,18571
56700,1.1839110851,1.8624651432,0.3026958108,18781,18571
56710,1.1858448982,1.8619227409,0.3026618659,18781,18571
56720,1.1877292395,1.8645182848,0.3024910986,18781,18571
56730,1.1899402142,1.8617360592,0.3027199507,18781,18571
56740,1.1921077967,1.8612806797,0.3025638163,18781,18571
56750,1.1941829920,1.8615655899,0.3030271828,18781,18571
56760,1.1971093416,1.8614764214,0.3026676774,18781,18571
56770,1.1989487410,1.8612141609,0.3027445972,18781,18571
56780,1.2015768290,1.8619295359,0.3024488091,18781,18571
56790,1.2033716440,1.8617087603,0.3039413691,18781,18571
56800,1.2050518990,1.8608140945,0.3040936589,18781,18571
56810,1.2073289156,1.8609206676,0.3040344417,18781,18571
56820,1.2094812393,1.8610459566,0.3039887846,18781,18571
56830,1.2109619379,1.8610936403,0.3021815121,18781,18571
56840,1.2138320208,1.8612232208,0.3019144833,18781,18571
56850,1.2146565914,1.8643852472,0.3019328117,18781,18571
56860,1.2176654339,1.8617792130,0.3019728363,18781,18571
56870,1.2193461657,1.8648709059,0.3016744852,18781,18571
56880,1.2208451033,1.8635275364,0.3019849062,18781,18571
56890,1.2225600481,1.8665047884,0.3016310632,18781,18571
56900,1.2245675325,1.8655512333,0.3017797172,18781,18571
56910,1.2276715040,1.8657566309,0.3013402522,18781,18571
56920,1.2297296524,1.8638565540,0.3017753065,18785,18571
56930,1.2322421074,1.8647825718,0.3014639616,18785,18571
56940,1.2326816320,1.8666756153,0.3016554117,18785,18571
56950,1.2356960773,1.8663662672,0.3012972474,18785,18571
56960,1.2372758389,1.8660869598,0.3013410866,18785,18571
56970,1.2401583195,1.8658914566,0.3017316163,18785,18571
56980,1.2416533232,1.8657567501,0.3017746210,18785,18571
56990,1.2438468933,1.8665175438,0.3016270399,18785,18571
57000,1.2456376553,1.8650168180,0.3016472459,18785,18571
57010,1.2501810789,1.8624374866,0.3017585278,18785,18571
57020,1.2515951395,1.8625789881,0.3018167019,18785,18571
57030,1.2530628443,1.8627994061,0.3018712997,18785,18571
57040,1.2523814440,1.8627492189,0.3022605777,18785,18571
57050,1.2572962046,1.8595919609,0.3017610908,18785,18571
57060,1.2584435940,1.8602733612,0.3018906713,18785,18571
57070,1.2595961094,1.8610768318,0.3020133376,18785,18571
57080,1.2607370615,1.8612190485,0.3020904362,18785,18571
57090,1.2642291784,1.8594475985,0.3017996252,18785,18571
57100,1.2653191090,1.8602293730,0.3007734418,18785,18571
57110,1.2655434608,1.8609502316,0.3008851111,18785,18571
57120,1.2692633867,1.8601497412,0.3005940914,18785,18571
57130,1.2717193365,1.8601903915,0.3004094660,18785,18571
57140,1.2732559443,1.8588430882,0.3006429374,18785,18571
57150,1.2757062912,1.8593896627,0.3005131185,18785,18571
57160,1.2780858278,1.8590513468,0.3003604710,18785,18571
57170,1.2795873880,1.8589361906,0.3003757000,18785,18575
57180,1.2826769352,1.8587692976,0.3000277281,18785,18575
57190,1.2831976414,1.8581627607,0.3005783856,18785,18575
57200,1.2860107422,1.8575971127,0.3003145456,18785,18575
57210,1.2873294353,1.8572003841,0.3003756404,18785,18575
57220,1.2900743484,1.8566879034,0.3000601232,18785,18575
57230,1.2914800644,1.8562635183,0.3008857965,18785,18575
57240,1.2941796780,1.8558217287,0.3007350266,18785,18575
57250,1.2957209349,1.8560558558,0.3008924723,18785,18575
57260,1.2970911264,1.8550599813,0.3009933233,18785,18575
57270,1.2980571985,1.8546401262,0.3011481464,18785,18575
57280,1.3015764952,1.8550024033,0.3009108603,18785,18575
57290,1.3033772707,1.8552441597,0.3009765148,18785,18575
57300,1.3055208921,1.8548448086,0.3008779883,18785,18575
57310,1.3066768646,1.8534953594,0.3011967838,18785,18575
57320,1.3087515831,1.8523454666,0.3021834195,18785,18575
57330,1.3109734058,1.8523991108,0.3021411002,18785,18575
57340,1.3133615255,1.8531540632,0.3021254539,18785,18575
57350,1.3158284426,1.8528369665,0.3019158244,18785,18575
57360,1.3177294731,1.8528100252,0.3016670346,18785,18575
57370,1.3195720911,1.8527251482,0.3018025458,18785,18575
57380,1.3212867975,1.8516162634,0.3018312156,18785,18575
57390,1.3231890202,1.8509894609,0.3018105030,18785,18575
57400,1.3248537779,1.8499360085,0.3019843102,18785,18575
57410,1.3270931244,1.8501666784,0.3006466329,18785,18575
57420,1.3290462494,1.8497734070,0.3007141650,18785,18575
57430,1.3311542273,1.8497647047,0.3006131947,18779,18575
57440,1.3330985308,1.8495714664,0.3006610870,18779,18575
57450,1.3352202177,1.8500801325,0.3008039594,18779,18575
57460,1.3371472359,1.8496695757,0.3006727397,18779,18575
57470,1.3388130665,1.8483635187,0.3003382981,18779,18575
57480,1.3413331509,1.8502072096,0.3007521927,18779,18575
57490,1.3435856104,1.8505412340,0.3017849624,18779,18575
57500,1.3453309536,1.8495780230,0.3019009531,18779,18575
57510,1.3476508856,1.8500030041,0.3015395701,18779,18575
57520,1.3494138718,1.8489886522,0.3019354045,18779,18575
57530,1.3513957262,1.8486946821,0.3019112051,18779,18575
57540,1.3533698320,1.8484135866,0.3015369177,18779,18575
57550,1.3555736542,1.8484100103,0.3013492227,18779,18575
57560,1.3575612307,1.8483443260,0.3015080690,18779,18575
57570,1.3591154814,1.8478155136,0.3018165231,18779,18575
57580,1.3618400097,1.8483985662,0.3024208248,18779,18575
57590,1.3635694981,1.8487256765,0.3026698828,18779,18575
57600,1.3660461903,1.8490763903,0.3025030792,18779,18575
57610,1.3676303625,1.8483153582,0.3026499748,18779,18575
57620,1.3702037334,1.8485363722,0.3023984432,18779,18575
57630,1.3716821671,1.8486840725,0.3032875061,18779,18575
57640,1.3746075630,1.8487982750,0.3029888272,18779,18575
57650,1.3758714199,1.8481481075,0.3033217788,18779,18575
57660,1.3795197010,1.8489372730,0.3027497530,18779,18575
57670,1.3801299334,1.8482171297,0.3037348688,18779,18563
57680,1.3827120066,1.8481132984,0.3036011457,18779,18563
57690,1.3847014904,1.8497765064,0.3038338125,18779,18563
57700,1.3878839016,1.8498762846,0.3035260737,18779,18563
57710,1.3899359703,1.8498568535,0.3018080890,18779,18563
57720,1.3920780420,1.8503520489,0.3017000258,18779,18563
57730,1.3927911520,1.8502521515,0.3019372523,18779,18563
57740,1.3952122927,1.8495113850,0.3017258346,18779,18563
57750,1.3988316059,1.8499789238,0.3012143672,18779,18563
57760,1.4010837078,1.8498243093,0.3046061397,18779,18563
57770,1.4025570154,1.8496533632,0.3047868907,18779,18563
57780,1.4047898054,1.8509122133,0.3048688769,18779,18563
57790,1.4053280354,1.8509306908,0.3052513897,18779,18563
57800,1.4083601236,1.8510193825,0.3050471544,18779,18563
57810,1.4106143713,1.8511444330,0.3050352037,18779,18563
57820,1.4120885134,1.8513600826,0.3051467836,18779,18563
57830,1.4153760672,1.8513727188,0.3048917949,18779,18563
57840,1.4168586731,1.8516275883,0.3050124347,18779,18563
57850,1.4218032360,1.8512941599,0.3021635115,18779,18563
57860,1.4233796597,1.8521127701,0.3021232486,18779,18563
57870,1.4249210358,1.8521857262,0.3021225929,18779,18563
57880,1.4262411594,1.8522437811,0.3021360934,18779,18563
57890,1.4282772541,1.8522449732,0.3015753925,18779,18563
57900,1.4300048351,1.8519728184,0.3014027774,18779,18563
57910,1.4334081411,1.8515831232,0.3009309769,18779,18563
57920,1.4352902174,1.8522375822,0.3007430732,18772,18563
57930,1.4362665415,1.8523327112,0.3000950217,18772,18563
57940,1.4383528233,1.8517078161,0.2997999787,18772,18563
57950,1.4415084124,1.8518154621,0.2993164361,18772,18563
57960,1.4428808689,1.8529350758,0.2991416156,18772,18563
57970,1.4460912943,1.8529988527,0.2986264825,18772,18563
57980,1.4457395077,1.8527028561,0.2988715172,18772,18563
57990,1.4509181976,1.8515882492,0.2981891036,18772,18563
58000,1.4502400160,1.8530248404,0.2984726429,18772,18563
58010,1.4525965452,1.8532463312,0.2981411517,18772,18563
58020,1.4568089247,1.8524562120,0.2972733676,18772,18563
58030,1.4571408033,1.8527414799,0.2973124385,18772,18563
58040,1.4584861994,1.8528791666,0.2971679270,18772,18563
58050,1.4615123272,1.8527802229,0.2967394590,18772,18563
58060,1.4644672871,1.8534697294,0.2962461710,18772,18563
58070,1.4659078121,1.8536293507,0.2972259820,18772,18563
58080,1.4671988487,1.8537058830,0.2971945405,18772,18563
58090,1.4684770107,1.8538615704,0.2971680462,18772,18563
58100,1.4714393616,1.8540186882,0.2968077660,18772,18563
58110,1.4737929106,1.8542414904,0.2979306281,18772,18563
58120,1.4761170149,1.8544039726,0.2977881134,18772,18563
58130,1.4769176245,1.8545764685,0.2979753613,18772,18563
58140,1.4792695045,1.8546769619,0.2978407741,18772,18563
58150,1.4808671474,1.8548359871,0.2983102500,18772,18563
58160,1.4840543270,1.8549870253,0.2980831265,18772,18563
58170,1.4847642183,1.8557113409,0.2983178198,18772,18563
58180,1.4877909422,1.8556001186,0.2980927825,18772,18570
58190,1.4893519878,1.8554849625,0.2982399762,18772,18570
58200,1.4906338453,1.8570148945,0.2993738055,18772,18570
58210,1.4921236038,1.8570387363,0.2995039821,18772,18570
58220,1.4964438677,1.8565951586,0.2990813553,18772,18570
58230,1.4973862171,1.8565583229,0.2994726002,18772,18570
58240,1.4982601404,1.8572317362,0.2994907498,18772,18570
58250,1.5005385876,1.8573255539,0.2994561791,18772,18570
58260,1.5028563738,1.8575760126,0.2993880212,18772,18570
58270,1.5045015812,1.8575713634,0.2994919419,18772,18570
58280,1.5067759752,1.8576157093,0.2996296883,18772,18570
58290,1.5090355873,1.8576782942,0.2995652258,18772,18570
58300,1.5113918781,1.8577877283,0.2994360626,18772,18570
58310,1.5131161213,1.8577355146,0.2994719148,18772,18570
58320,1.5146501064,1.8584583998,0.2995513678,18772,18570
58330,1.5173892975,1.8586670160,0.2991603911,18772,18570
58340,1.5194203854,1.8587604761,0.2990877628,18772,18570
58350,1.5221180916,1.8596409559,0.2988511324,18772,18570
58360,1.5233554840,1.8596581221,0.2990181744,18772,18570
58370,1.5246132612,1.8595739603,0.3002555072,18772,18570
58380,1.5273760557,1.8614594936,0.3001288474,18772,18570
58390,1.5299383402,1.8615006208,0.3000263274,18772,18570
58400,1.5312675238,1.8600738049,0.3002644479,18772,18570
58410,1.5321583748,1.8617618084,0.3006751239,18772,18570
58420,1.5344785452,1.8643158674,0.2999441922,18781,18570
58430,1.5373640060,1.8642474413,0.2998589873,18781,18570
58440,1.5390058756,1.8641637564,0.2999996543,18781,18570
58450,1.5413509607,1.8666981459,0.2998010516,18781,18570
58460,1.5422853231,1.8663735390,0.2997521758,18781,18570
58470,1.5440455675,1.8659960032,0.2998638153,18781,18570
58480,1.5464750528,1.8662270308,0.2997758090,18781,18570
58490,1.5497227907,1.8664348125,0.2994584143,18781,18570
58500,1.5519925356,1.8688515425,0.2991825342,18781,18570
58510,1.5534667969,1.8677378893,0.2992873192,18781,18570
58520,1.5548719168,1.8681885004,0.2993164659,18781,18570
58530,1.5571181774,1.8678985834,0.2991720736,18781,18570
58540,1.5603493452,1.8684711456,0.2988522053,18781,18570
58550,1.5613988638,1.8687614202,0.2989385426,18781,18570
58560,1.5625030994,1.8691425323,0.2989618182,18781,18570
58570,1.5648155212,1.8721585274,0.2988938987,18781,18570
58580,1.5668072701,1.8724247217,0.2988149524,18781,18570
58590,1.5676511526,1.8716180325,0.3006816208,18781,18570
58600,1.5709743500,1.8711850643,0.3005759716,18781,18570
58610,1.5745427608,1.8712390661,0.3004151285,18781,18570
58620,1.5756118298,1.8714550734,0.3006330729,18781,18570
58630,1.5756444931,1.8732731342,0.3010649383,18781,18570
58640,1.5769209862,1.8719825745,0.3037388623,18781,18570
58650,1.5809090137,1.8734896183,0.3038380146,18781,18570
58660,1.5824027061,1.8739087582,0.3041108847,18781,18570
58670,1.5839470625,1.8743407726,0.3043741584,18781,18556
58680,1.5853420496,1.8748604059,0.3048697710,18781,18556
58690,1.5866470337,1.8753730059,0.3051283360,18781,18556
58700,1.5919642448,1.8737541437,0.3049221039,18781,18556
58710,1.5917026997,1.8752720356,0.3054658175,18781,18556
58720,1.5928184986,1.8749305010,0.3058552444,18781,18556
58730,1.5950492620,1.8747876883,0.3059612811,18781,18556
58740,1.5974897146,1.8753490448,0.3060362637,18781,18556
58750,1.5985214710,1.8755507469,0.3062464893,18781,18556
58760,1.6011594534,1.8767567873,0.3062222600,18781,18556
58770,1.6048845053,1.8763349056,0.3046954274,18781,18556
58780,1.6036820412,1.8776754141,0.3050419390,18781,18556
58790,1.6064155102,1.8778362274,0.3048674166,18781,18556
58800,1.6066545248,1.8792334795,0.3050134480,18781,18556
58810,1.6105347872,1.8787813187,0.3043769002,18781,18556
58820,1.6140824556,1.8783252239,0.3040677905,18781,18556
58830,1.6164008379,1.8788244724,0.3038650453,18781,18556
58840,1.6173315048,1.8787788153,0.3039042950,18781,18556
58850,1.6195391417,1.8805468082,0.3037206829,18781,18556
58860,1.6225689650,1.8807613850,0.3022531867,18781,18556
58870,1.6253103018,1.8805167675,0.3018827438,18781,18556
58880,1.6258182526,1.8808950186,0.3018858433,18781,18556
58890,1.6279453039,1.8828899860,0.3016348183,18781,18556
58900,1.6306028366,1.8814506531,0.2990362346,18781,18556
58910,1.6316237450,1.8831349611,0.2988069057,18781,18556
58920,1.6326947212,1.8841542006,0.2985148132,18777,18556
58930,1.6349083185,1.8855406046,0.2979979813,18777,18556
58940,1.6351757050,1.8858200312,0.2991891205,18777,18556
58950,1.6366524696,1.8864098787,0.2988908887,18777,18556
58960,1.6381745338,1.8869087696,0.2986063659,18777,18556
58970,1.6409200430,1.8862415552,0.2982472181,18777,18556
58980,1.6454811096,1.8869178295,0.2974738181,18777,18556
58990,1.6463296413,1.8876712322,0.2996391952,18777,18556
59000,1.6481150389,1.8873254061,0.2995183170,18777,18556
59010,1.6496561766,1.8872005939,0.2994177341,18777,18556
59020,1.6529804468,1.8868446350,0.2990200222,18777,18556
59030,1.6539241076,1.8872281313,0.3006188571,18777,18556
59040,1.6581885815,1.8866962194,0.3002690673,18777,18556
59050,1.6578611135,1.8875836134,0.3005972505,18777,18556
59060,1.6610521078,1.8874425888,0.3003789186,18777,18556
59070,1.6619131565,1.8882582188,0.3005364239,18777,18556
59080,1.6654647589,1.8873975277,0.3005439043,18777,18556
59090,1.6667134762,1.8873018026,0.3006421030,18777,18556
59100,1.6691854000,1.8874986172,0.3005788922,18777,18556
59110,1.6693744659,1.8882968426,0.3009020090,18777,18556
59120,1.6720331907,1.8882809877,0.3000880480,18777,18556
59130,1.6746418476,1.8882691860,0.3000118434,18777,18556
59140,1.6782174110,1.8879659176,0.2997597158,18777,18556
59150,1.6782873869,1.8886057138,0.3001448214,18777,18556
59160,1.6805729866,1.8886125088,0.3004624844,18777,18556
59170,1.6806665659,1.8876713514,0.3007549644,18777,18560
59180,1.6818032265,1.8885753155,0.3009075820,18777,18560
59190,1.6862182617,1.8880480528,0.3006277978,18777,18560
59200,1.6864372492,1.8901686668,0.3009923697,18777,18560
59210,1.6889518499,1.8895518780,0.3009819388,18777,18560
59220,1.6905069351,1.8898351192,0.3010576665,18777,18560
59230,1.6930464506,1.8884112835,0.3010269701,18777,18560
59240,1.6944085360,1.8924421072,0.3011874855,18777,18560
59250,1.6961725950,1.8918248415,0.3016402423,18777,18560
59260,1.6978914738,1.8894947767,0.3018648326,18777,18560
59270,1.7003206015,1.8899687529,0.3018038571,18777,18560
59280,1.7012928724,1.8898924589,0.3020559847,18777,18560
59290,1.7036530972,1.8903470039,0.3019720018,18777,18560
59300,1.7044245005,1.8910189867,0.3009036779,18777,18560
59310,1.7075674534,1.8923417330,0.3006086349,18777,18560
59320,1.7084213495,1.8916823864,0.3008371592,18777,18560
59330,1.7099145651,1.8910323381,0.3008573055,18777,18560
59340,1.7128634453,1.8911001682,0.3010778725,18777,18560
59350,1.7153329849,1.8936054707,0.3010037839,18777,18560
59360,1.7157378197,1.8922104836,0.3014110923,18777,18560
59370,1.7186740637,1.8932229280,0.3011581302,18777,18560
59380,1.7201973200,1.8929911852,0.3032005429,18777,18560
59390,1.7217515707,1.8934117556,0.3033651114,18777,18560
59400,1.7239340544,1.8933440447,0.3033838272,18777,18560
59410,1.7260040045,1.8927323818,0.3033785522,18777,18560
59420,1.7269326448,1.8932886124,0.3037772775,18777,18560
59430,1.7282699347,1.8932622671,0.3023414612,18775,18560
59440,1.7311723232,1.8932268620,0.3021559417,18775,18560
59450,1.7324475050,1.8932338953,0.3022790551,18775,18560
59460,1.7349816561,1.8943501711,0.3022220731,18775,18560
59470,1.7354178429,1.8932874203,0.2998503745,18775,18560
59480,1.7389897108,1.8945343494,0.2994874120,18775,18560
59490,1.7388921976,1.8947705030,0.2997339964,18775,18560
59500,1.7413476706,1.8948923349,0.2994461358,18775,18560
59510,1.7437518835,1.8955516815,0.2991548777,18775,18560
59520,1.7469151020,1.8956202269,0.2982442677,18775,18560
59530,1.7471761703,1.8938782215,0.2983461320,18775,18560
59540,1.7500196695,1.8952707052,0.2980807722,18775,18560
59550,1.7516924143,1.8956940174,0.2979231775,18775,18560
59560,1.7545205355,1.8971993923,0.2980451286,18775,18560
59570,1.7556865215,1.8971742392,0.2980300486,18775,18560
59580,1.7574108839,1.8936027288,0.2977643907,18775,18560
59590,1.7578915358,1.8936557770,0.2981161773,18775,18560
59600,1.7615865469,1.8949118853,0.3001009524,18775,18560
59610,1.7632181644,1.8942307234,0.3000496924,18775,18560
59620,1.7660473585,1.8939330578,0.2998777032,18775,18560
59630,1.7673873901,1.8945446014,0.3001132607,18775,18560
59640,1.7675542831,1.8948478699,0.3005016446,18775,18560
59650,1.7700411081,1.8936053514,0.3006158769,18775,18560
59660,1.7704306841,1.8936038017,0.3008558452,18775,18560
59670,1.7742426395,1.8936227560,0.3006144762,18775,18549
59680,1.7755724192,1.8931005001,0.3007497489,18775,18549
59690,1.7779668570,1.8931342363,0.3008144796,18775,18549
59700,1.7797155380,1.8931055069,0.3008875549,18775,18549
59710,1.7821577787,1.8932194710,0.3007850349,18775,18549
59720,1.7826516628,1.8930175304,0.3012250960,18775,18549
59730,1.7862292528,1.8934297562,0.3007546067,18775,18549
59740,1.7879590988,1.8934370279,0.3017963469,18775,18549
59750,1.7898077965,1.8948675394,0.3018889129,18775,18549
59760,1.7905120850,1.8945051432,0.3023766279,18775,18549
59770,1.7939994335,1.8971694708,0.3017784655,18775,18549
59780,1.7952077389,1.8945882320,0.3028043211,18775,18549
59790,1.7972873449,1.8947123289,0.3028251827,18775,18549
59800,1.7990454435,1.8944188356,0.3029828966,18775,18549
59810,1.8014172316,1.8954845667,0.3027989268,18775,18549
59820,1.8027136326,1.8943183422,0.3048943579,18775,18549
59830,1.8052247763,1.8970457315,0.3048199713,18775,18549
59840,1.8070091009,1.8968309164,0.3050503135,18775,18549
59850,1.8089625835,1.8965325356,0.3051324785,18775,18549
59860,1.8108119965,1.8963574171,0.3053265810,18775,18549
59870,1.8125842810,1.8960361481,0.3053703308,18775,18549
59880,1.8143340349,1.8957142830,0.3055391610,18775,18549
59890,1.8159952164,1.8952206373,0.3057313561,18775,18549
59900,1.8180745840,1.8960802555,0.3056503832,18775,18549
59910,1.8191914558,1.8931952715,0.3056795001,18775,18549
59920,1.8213601112,1.8945114613,0.3056125045,18772,18549
59930,1.8225349188,1.8961813450,0.3058708906,18772,18549
59940,1.8246767521,1.8978995085,0.3056968153,18772,18549
59950,1.8261975050,1.8958542347,0.3066891432,18772,18549
59960,1.8268666267,1.9016066790,0.3063294291,18772,18549
59970,1.8287491798,1.9009375572,0.3063181043,18772,18549
59980,1.8303810358,1.9018967152,0.3064495027,18772,18549
59990,1.8334054947,1.8998130560,0.3068133295,18772,18549
60000,1.8351124525,1.9003070593,0.3070896566,18772,18549
60010,1.8371329308,1.9001260996,0.3071312904,18772,18549
60020,1.8370300531,1.9035311937,0.3070222735,18772,18549
60030,1.8383872509,1.9043763876,0.3068931103,18772,18549
60040,1.8411386013,1.9031119347,0.3063174784,18772,18549
60050,1.8454942703,1.8993744850,0.3063700795,18772,18549
60060,1.8465118408,1.9007185698,0.3063245714,18772,18549
60070,1.8494123220,1.8990011215,0.3062645197,18772,18549
60080,1.8484406471,1.9031296968,0.3060881793,18772,18549
60090,1.8503067493,1.9028806686,0.3047789633,18772,18549
60100,1.8533443213,1.9008582830,0.3045784235,18772,18549
60110,1.8516387939,1.9056214094,0.3042193651,18772,18549
60120,1.8567100763,1.9010742903,0.3043262362,18772,18549
60130,1.8483436108,1.9149377346,0.3033084869,18772,18549
60140,1.8525004387,1.9120706320,0.3033642769,18772,18549
60150,1.8546478748,1.9118404388,0.3032642603,18772,18549
60160,1.8624230623,1.9037646055,0.3034607768,18772,18549
60170,1.8562310934,1.9144698381,0.3043045700,18772,18553
60180,1.8584520817,1.9140005112,0.3042480648,18772,18553
60190,1.8635724783,1.9097164869,0.3044010997,18772,18553
60200,1.8716974258,1.9006849527,0.3046544492,18772,18553
60210,1.8649011850,1.9119098186,0.3044597507,18772,18553
60220,1.8626888990,1.9171874523,0.3055444062,18772,18553
60230,1.8581084013,1.9258491993,0.3052809834,18772,18553
60240,1.8617495298,1.9232101440,0.3055064082,18772,18553
60250,1.8674536943,1.9176645279,0.3059961200,18772,18553
60260,1.8671180010,1.9206606150,0.3066963851,18772,18553
60270,1.8564364910,1.9380117655,0.3062197864,18772,18553
60280,1.8540457487,1.9442741871,0.3060154319,18772,18553
60290,1.8611203432,1.9370151758,0.3067976534,18772,18553
60300,1.8666591644,1.9317523241,0.3073719442,18772,18553
60310,1.8525322676,1.9545843601,0.3069134057,18772,18553
60320,1.8609304428,1.9450055361,0.3079834580,18772,18553
60330,1.8663648367,1.9392302036,0.3085650802,18772,18553
60340,1.8573983908,1.9557621479,0.3079966009,18772,18553
60350,1.8580008745,1.9580159187,0.3067744970,18772,18553
60360,1.8613401651,1.9554257393,0.3071163893,18772,18553
60370,1.8666988611,1.9486626387,0.3077188134,18772,18553
